152314417
110960373
129982978
104069586
170091876
183041855
6781612
80823429
154569468
117704448
183323547
126699751
179693440
24482611
179692376
180296442
137766986
34496383
156125592
105771342
74445883
179225391
83428203
89035016
121986418
163989616
65492037
176387530
35562364
35567777
5541777
75334845
122413609
49607147
161902545
111663646
36041496
38270572
36260778
42833918
74380983
123994848
141992438
161894462
31525745
167340389
25410427
118200240
42830689
31162140
187343452
124650480
20960840
103034597
116557663
70341456
166875436
172461482
21266492
14551620
67790908
75143661
19187015
63096304
76665725
163908158
192610209
127968038
60215296
164182406
167338444
102332474
20556693
94588778
172999592
32355856
92981490
92988922
104096080
103567128
78077885
78078671
67482777
65389386
167146992
125835241
37750828
55647241
143905868
52880609
45556757
84248875
67016227
67016596
64156106
104395407
41418655
160296694
157511419
153867160
7009615
48040283
141102918
185532114
114690162
119185693
75531273
70325689
164763341
15908281
184890453
160880029
178791023
67598335
69727009
114992070
180864851
191960818
170889753
109176735
117640025
155304283
70787377
86326429
151934021
167718984
104649262
32843743
119008274
124057472
64435559
16034603
155078618
111424410
128206018
128209804
43978686
144754284
79853253
41869778
21283551
178391981
116011538
116012348
166273745
154173227
106081110
73034860
117793414
95419355
106066771
105901452
24089759
162780306
78324106
54656681
61689075
20034314
62377958
185808659
17504214
106976390
156824480
115923355
75806253
171387830
73118042
178502725
129094101
188904713
188904982
137624488
76570297
19055067
62072697
29569714
178807130
68995157
82347721
73771234
102586455
154790018
50284164
36032411
120376453
120378211
42204518
162194895
73925779
143777666
159050300
159053508
65786804
151802862
107264191
104133988
86616559
56508835
56509227
62235605
158256615
33782174
176316262
73523683
140174330
124794847
191973791
116464642
169057735
162186790
53485474
169194984
92967934
12832568
165551779
1953747
43899218
77512886
194708973
115798425
22179710
166779791
183552694
80533589
142675713
167939658
178180275
81519122
27429185
129181926
24515289
109247873
119628389
94716976
152012046
159078313
47765486
107949492
110566024
55675640
55676235
192200160
59397591
92076036
139656257
112729613
118684770
2162395
149498932
6093665
143312565
82573489
60641883
5918135
67910527
159496767
116733209
111150794
88909733
49426850
164911907
179940451
150253230
41592282
156855656
155818198
38059334
72856594
16153665
191274684
1590837
57303279
176623402
125404015
80806582
58019807
152452471
164252083
70692544
176319171
173522023
40548700
99062734
82357542
82352470
116466285
146185541
153016475
55870721
124573337
138634039
154796112
183168602
75482484
108040705
169197667
61869500
113709367
180198424
163474667
110745995
100109709
164913559
43810234
77243978
47015416
166105392
126757980
187051525
93270748
6800116
121265617
108909823
54545183
167068110
167063898
142671831
77510610
163877370
170903828
194546009
31023147
95474287
155691679
54705829
125934834
89237248
16019615
186688525
19609903
20327726
166847020
80362435
181847589
48459496
68749183
68744891
24693011
176477471
65574081
81541751
107181614
107182449
3937081
19857988
19347000
78424746
78425787
89193634
46989239
185383191
62779026
139019144
71551991
3186911
25075246
92840122
192200874
189819408
13653227
13653737
13654618
51103428
8776218
89570723
147836997
181296363
166885951
51351937
163467535
58679760
81290738
147520855
39350012
35790337
16354739
111685943
125238139
86217193
162897848
61030919
190299236
161180499
189877997
32501018
114806398
78780820
181696125
177397269
177398963
77791434
77793920
170060296
90101264
85547709
12797514
27755013
140757365
34095053
168286953
68573891
26478612
199794535
77283194
97792980
60846902
85645268
81431936
155169816
132639965
101610896
123528194
166329664
17176994
154303240
171835799
97041932
49964376
114235141
196628271
87184214
32896756
185362383
152375792
121245621
147946601
162313965
170487625
157171726
56514339
107354035
171433741
127180986
146808020
129365649
173906594
117875941
189330702
166020772
172043620
175060261
132847343
139336489
125409897
195369273
103156617
77806478
86998550
185073286
122404007
53052381
149875549
113706280
113706975
36405327
36031730
20893826
13424074
165189613
163474012
28356544
161585071
50289771
90562509
53328371
71450258
135385373
102433737
135389654
91331141
22142548
27207740
117714179
66687727
190258600
196860169
80486283
188889946
35318656
43041535
101194363
133468487
75808384
171385952
132709674
64899244
67281500
64450099
69462215
181261925
76829379
77210471
74585253
20153839
165194865
138920860
57933722
142844448
38244728
89920914
18403810
125306279
64031142
69052133
17455916
188701959
98133423
42884089
85038236
107931256
188703663
189129911
153125545
177339700
131510037
156173065
107541665
46692325
141483188
19836555
11545875
46376617
46378579
62594680
70761194
155671750
174148198
92427243
8594876
127224252
115388423
41500782
179401511
179402414
180428033
97101005
97102944
189528104
77211296
166054238
166054339
176341155
179298103
145469410
21885590
81770536
192573673
144122693
117442973
151791988
193023024
63174176
116133387
108011921
99254999
99259541
147335809
13302935
190789013
77721892
151036179
3210165
39680044
180616504
158183373
93865299
131705088
109809225
94235405
170421262
179799838
138722999
41734998
10257008
82569448
20093039
73154814
61741217
86742533
151092276
76127686
188823650
159798403
138820137
105760575
105442349
126021977
149571197
11538488
183843072
129698009
259736
97142161
85494946
190134788
81597305
106937379
56313964
152932929
30248556
30242617
133008723
156856831
106389870
171506590
128897977
104551520
58229541
57547358
80902370
194385805
76476330
77255577
143961288
154333720
96687299
48217336
71103206
71106683
149223591
190888286
92141411
102580108
46285417
84983475
84987934
91181995
133231973
125937773
20116053
159008746
136742009
161433080
185382869
64633088
30811967
61548184
1331890
60822168
56455658
140198773
124567689
161090296
170902359
35773328
120342168
93188698
151899381
191664261
94002902
102556094
73744105
150028812
74834681
52264230
180043369
180045837
160886435
161166921
161161574
95408162
85477702
164769323
9557556
76196590
127502023
104970739
127546942
116952055
54665761
198417052
198953177
9682981
140377078
131250019
33287336
42979797
120696377
48038976
125285525
164241819
179920515
179925035
179928730
135632861
4925705
163528665
88371425
133453520
192751179
168063195
71673629
180103054
15903223
104979047
199462008
104825761
195171522
158557759
134513260
108220564
16621881
98533626
44752069
159117738
132379847
170688621
170791817
53105053
185621201
31027272
86550539
105766990
175501155
165022672
176842130
84544760
133279689
133271400
75714804
162562838
113302497
157792996
157795153
58177146
103874485
10727725
197611687
197613244
133831164
81515852
53737983
42368919
187080668
57544280
118709929
170219546
157229501
77449341
26106731
181639905
62349670
12575048
125241095
91024885
134100815
78577729
144877907
147046616
148258642
192397616
124484092
137768914
137763634
80509398
66225032
72824601
162694957
162690068
59490495
108312447
96731376
70874827
116688633
116689737
67094908
168479852
51229933
111737465
23980364
55023448
81855877
110363814
122757492
141014582
60886283
184803745
108157907
148621324
148622477
177031818
180105803
185150560
67542117
167967690
185512035
134994263
134995112
195173784
54250382
151364840
16761138
19211273
199994960
92592283
14595713
193613035
145755319
145932535
106358797
50440088
154851116
111346798
56202867
33020457
183769448
147765522
161688618
31503644
131444201
26232749
181967400
70742868
97613179
53199388
80847585
80849047
146258230
16963911
137372828
80959797
47850640
47853843
171412450
13177459
61585670
132867024
132228308
143495232
149549938
154949945
154572306
123157708
81860714
130576638
90085876
104916076
141783253
160414907
149626628
147296620
154263689
74461426
52683154
158168149
170035496
62547761
52687658
38049864
25038829
117880041
23141278
138870826
167089765
112649685
168581894
103356099
142762649
142768176
183489621
154723934
87082889
114865782
178744982
40342886
46504394
78738630
115514413
72195272
32378696
52801537
182105303
93545298
73591244
103687138
191466021
166203007
147204730
129517589
191880223
147709675
33967548
371010
199591992
144253275
110871298
169501367
148867575
162588230
156032403
156036793
72347853
103769336
163172187
155742215
144555533
17254160
151343014
70987372
177871652
76360274
45346590
35255652
40498032
105702344
101918616
176201386
82394852
44041782
133810037
178110848
135504121
179850325
163906014
114308792
30482740
184780656
97335615
155504596
181764640
2877218
14326755
141603232
62240614
198694169
150327044
117902666
144637690
84842483
67157385
147877827
146262910
127137328
56327111
15924262
36623154
122025394
86773830
189483481
128199035
185487447
40689527
64707214
112990158
46438279
157707755
123166159
75139222
75135211
139358016
170877681
154934392
63872336
171793042
154505976
87666101
171682218
161491020
95003635
133091343
82348211
172932610
17331253
8241375
140052308
20567058
106213078
111970290
39963976
40782655
129280119
193240290
37074455
46594225
31267034
102355575
165978220
126971699
56699136
52975917
148465190
146235269
138089993
158048888
150264837
12577028
154850040
80593605
185385904
80726723
170908921
13813379
99162405
156003355
77532345
104225236
92691737
5947008
33349033
186126237
180212501
87836308
56450943
33929153
83302189
129786103
83308096
177409812
150588921
135380126
137148227
19116117
184392176
144837207
40261646
151237609
90429541
173559704
7114063
146815926
171202320
89898430
82064931
190907352
185449392
185659131
160251830
193185837
191146057
109485259
112708904
171262999
178407570
133816642
130980485
186639866
53559230
38921106
24973774
88503419
38248059
56700445
44093779
77869382
78045839
14086899
78674864
78444376
102060647
107936991
14886539
153125535
153125559
180856260
185681104
21272457
83221977
85601196
87034444
129100921
161342015
106469384
57332236
116208231
184184565
175475114
132120323
128263894
46544258
127480990
147713877
26320972
48388891
147445702
60480135
47192642
18859014
142782736
49334178
51893791
83545017
148767479
189746120
152420231
21641857
120554836
115937395
15294345
178833568
92176029
174488827
103914883
79609192
146212821
146218952
107138487
110829001
147307292
162649159
98719909
183592047
53793086
105574480
92741111
133200837
133202328
189399117
162657001
162651398
162654610
57151154
65243373
1434175
41270092
114507250
114501843
103391848
192193658
117169268
137976260
15897664
190526616
89304706
37898331
32770184
148896484
129614183
15894601
154812971
148628232
172252780
108996337
190817294
50195300
50191149
58768301
82436041
56575555
128452261
136328940
151873606
66588436
167328222
145785754
157024535
180078067
6876435
129355367
42458840
92900067
89968367
105364240
105364921
64889777
124984495
82472240
25696047
139854945
139859857
34267547
162321424
122235283
153772845
131649822
63261077
180294103
48917453
108991506
85618455
120345564
4362976
133964329
138293409
155835767
89757180
82462077
81886174
113916085
164613693
6965184
178575862
18339961
124594041
101657181
163427738
184863699
115637490
62971725
105570124
196416804
84535933
165865653
117166652
129156718
98657096
15784228
93931104
64151495
165053478
167475226
153378344
117609988
109173659
197668006
184894162
182275368
194348756
59642894
169824713
106244520
104763998
189684205
188891789
67193209
67198211
71055462
11104146
104820436
58986070
121167984
169809733
163262502
53430139
99915159
98715443
160443879
65551415
158016856
94643019
153152853
167487159
33998926
31255198
44221783
121705659
123776311
179150968
120789952
172783164
106616488
184695246
176940564
95410101
11599683
54588173
161896046
69002443
62483715
144808778
165577801
155714827
69533224
151785854
199046006
85250357
186037328
183193726
17927937
66147652
140501686
61608318
36265843
185781120
21596589
158249716
192262530
38065258
36050950
176795429
96073789
126912308
47934151
69493905
162752727
103565607
184971768
40592191
163226459
69109056
31201330
75422690
184607737
173945073
33118889
144276075
196543234
179800134
40775572
4104982
73425817
7603197
63759794
184482527
167991471
84630795
178899395
68987935
199583964
134170998
36947092
74088256
157824674
13144204
179531667
68041365
11656135
101966019
110284796
163347768
71206028
64708887
64709961
34712184
77951963
90610657
139205917
62247080
159229949
80140815
82348381
137623010
7673587
32006115
11059158
65873013
154717061
2231107
40665510
73913103
86894574
43831016
185790746
173255583
126550530
36298915
78578142
185982322
39135749
162818441
188131496
15392055
47214712
66445763
190330476
19375316
113070907
12116972
13041463
170592760
173272213
61064656
153201922
20262102
178424462
88845136
193664352
141384149
112225283
127558472
99344672
154083810
191408134
190564798
149297413
131123748
58212885
124619149
54961112
127040159
40852257
140310033
136001102
196178800
180635465
156276047
131700838
14418117
117215375
93676388
121500871
115759942
41731746
126477546
139089259
13300702
153237563
55965618
97624776
96753972
41137857
169697293
164980165
113660369
54290377
116941077
151047518
107478123
25349662
156624521
25209229
139363865
181804002
180126681
118106010
44119440
183111751
43603411
86427948
127487701
104670308
155685529
85996533
116122854
75604153
75605741
51024931
161375527
23441967
126113937
179010070
47793750
78636979
57788073
66902154
142072146
192111420
191746877
107762586
61193815
10668381
60954776
60956724
155848914
194863228
84646092
16020621
169394353
192256432
185753044
167465826
8408482
161389467
189409040
45429253
115970508
164977338
126424610
44450556
44450597
199856108
48277769
184037399
64908851
115901816
155609422
139863526
104484510
108601045
128657628
148239368
196685953
101072264
174672474
124041566
46823714
154663210
13644339
56539786
55669029
133759556
132204829
121790684
35005904
162495118
47431140
69223759
110336897
101546201
55701454
120153041
161124795
53857615
135733312
182243063
126032303
38570011
164609979
192361982
102039368
89638245
107637491
81038997
28361076
13537888
43416512
159425447
170403671
4329795
183615535
60564669
25034537
158940643
126846788
7472815
110001231
180980687
14717769
35954164
65203523
109876151
137600623
157952686
141051461
93201625
19571007
99160450
119284257
170957657
120338758
141556650
134148581
90742544
133157449
142638609
132929088
34556424
166028833
155924181
142633317
114852390
114855945
149660323
197312327
163638878
15236837
115663254
97763583
127928067
93663052
180088022
156632259
499095
73152413
157451735
61296790
22965130
53729505
121672885
126474319
39374345
18454243
24688462
46045598
46049011
166246491
117687174
138310626
171611771
61081025
107999390
158944202
152371358
152373696
152871470
72865139
87183074
120208756
120260628
78737230
78731920
120779379
62533895
117876464
150944335
38990071
33950727
162677361
144151245
167469056
172635223
96987168
166763549
162851751
1972158
156725086
199844798
107972177
150764228
181620888
155223969
122953955
149721608
107359750
57311412
118532575
121520207
118311448
132307703
132301725
32385654
176902091
45550399
151360185
192754779
66770466
72684669
170535719
167715784
108527969
172989483
119864549
119867101
24453486
185967001
78217412
115429397
101301478
192374136
141094929
81081858
188686376
21162904
146585546
94815057
128465773
165201305
153478554
172563103
102834907
81137029
162258381
52988293
116279368
137013566
74293881
148318881
50158225
105676756
84690102
84691382
163594256
104068936
172978058
127072567
38267403
128711431
33286862
69857985
94018864
127549534
76644994
47848482
199468441
30793725
68144788
49461953
79377560
62527426
190037366
40372267
147407956
107807819
89610481
77073898
82909783
115853494
179619050
104712491
157867399
37656554
41065640
176581378
125374029
105626515
126971874
72610866
25196081
16386354
197275482
176589641
163932997
107445339
175717097
134899274
111907958
54176931
160576293
150926473
39113672
69625530
98756531
101245510
55561574
148699229
165840698
24833251
162719617
29980362
157473813
46246159
68607735
118169166
119999783
127532420
95760475
63532627
83060226
68433826
72896316
77652525
124623389
180084350
156742720
119311466
15740926
68030237
199322342
94282168
175274312
8996847
174120372
101159216
126473235
126474399
139515739
174407033
151665600
117682448
10257330
25335928
191916008
152572108
176481348
162388762
77754325
117069994
18198466
97003203
164986703
98241017
22969062
66615036
177852744
18342394
56251315
25747111
157455262
97826472
119314330
89923268
172207977
157581553
157581643
42863671
161489254
178424113
177950158
177953881
46002035
128797916
153668164
112229390
111343656
39678243
141739042
102946223
146503237
146508133
169267909
126695823
15170501
59455674
147542488
116591851
46769197
185293339
185298197
62829587
187721979
122771990
1989002
64140845
52234465
184443013
125140092
140910863
116204734
11806282
125597017
192703921
196223790
118856897
73486115
154270512
83846435
114702518
151976028
138166145
172119999
16723765
60344218
125264487
77582467
188096072
140350413
180369557
91477369
54670943
69154157
132252775
85395998
85392151
25248746
13599960
150810168
97430637
66995114
118500973
25696529
96903871
122041427
151502079
194570982
12998974
25786435
148814899
56649336
162635822
81531682
26883059
51210901
152079604
147390212
13996758
176630067
76904968
27319068
139208273
185334127
76575941
11916059
15568622
54217054
193470478
129193551
38340369
103542912
159315528
56106255
166385434
77146743
158515141
152155332
97538690
107087060
46676716
75566369
93262859
1556524
122665053
85093688
138244177
43236516
39537823
26471198
162367790
144305111
60568115
68900740
170947419
45667392
99698910
156024768
156021455
49511794
123800724
26300995
140858375
22325339
15420436
51766305
173927948
137784885
20307122
188362778
158077233
1286874
84951839
126935874
157048721
104022975
2370112
176017060
187352452
64775540
130768595
79804688
86484255
44334017
4420721
81622748
88816114
128305729
23521878
23522491
26858281
154630532
162000297
162000870
40333585
152463002
158620895
149073826
82985263
17032235
120450058
100512358
52400981
61906590
173035971
4071588
95247146
166082964
132568291
127049004
171781670
76081439
53727482
20237451
132160815
80124364
87654769
159741564
166900642
166902732
14560661
72709005
108934920
108937246
108930940
54105985
14565817
181108243
51070484
159726594
178913394
145222511
132586904
14247974
78002898
109825543
2870859
197076614
61956936
189483428
29584141
191238527
83072267
83072648
199946110
82889216
161204238
126188306
54965435
57141270
43637419
14412739
54571429
139393765
115661049
153233342
24444878
182554187
101638475
172589917
77488085
157004591
154941361
14087501
97320100
153818444
171200111
100730684
45383136
45389833
77960832
66630676
112557315
85199847
104679228
48737437
154041364
64853710
197484715
7628859
34741894
114388660
28749221
29050706
130980944
70495261
46697324
127516161
101025631
17456004
46276625
45978196
138168332
139050922
34908674
84117127
109973228
197707807
16727237
41442887
117477088
11555763
140913756
115555912
115559985
130164471
184181369
184187167
146727276
31422965
93731929
20311814
14909969
44344131
24861776
162421471
162423657
430173
66642536
40747697
130873005
113412294
166070214
179843584
73988637
172112186
178943151
114116290
128056027
48680063
128013133
93916309
52169037
53536226
105846801
139801077
197424634
183128421
14123468
107930429
110414918
79563191
107676822
157608131
170590708
42054860
74577149
79962818
148690221
70829984
193098859
67531599
73421782
33575979
192267277
69109262
26114977
18734007
80004967
80007627
80008819
17841814
210846
123640846
156126793
158808102
123435863
127808219
143880657
111353151
74448625
173279832
80038512
80031003
96976360
157300094
115615992
40195962
12277810
12279073
106228508
106222408
48370420
150218186
75046491
35148825
195628918
93190564
85570373
13996836
138129593
153823603
68191841
40551034
190586543
73810018
130772434
86548862
20760195
60601842
131094537
76822061
131685484
162710781
25337085
94408253
35108413
108019739
1027443
1021504
131411974
61966854
166413456
160986569
102381440
195736475
30194354
161888664
43767499
173716144
16235567
140314113
13278032
159617100
76932563
152252508
14415067
168416979
24448615
91193445
63174505
171735055
64171689
58917355
48690358
48696620
97386563
176386854
33894448
34264223
28320400
50856810
153089915
40611198
71894514
117394500
129622228
102786031
38664200
193253922
151317623
106343366
92667764
62526038
166424337
188920717
52204567
73913440
76976422
143257043
122045391
142938982
142939795
61263588
91028266
66964763
5847320
86891021
129260390
70131961
152071550
98935412
115850729
45538241
42384514
161392538
181445613
112496465
163371086
197335491
4833917
112078598
161705614
47526263
97969223
137913493
11078950
114552932
81342615
133205726
193116364
129054437
52836177
162652226
15090121
126878766
42141368
101482293
146080629
179730839
99915246
99579350
191476000
116229981
66785785
120621337
10055514
192583138
105783750
162645492
127953137
135843942
135847489
129614466
153842195
170375581
59267021
78148083
195619882
53438649
124527545
115812226
182086475
34942978
84206612
100464900
56986716
185478865
162366783
180985952
197726489
159421590
19681939
102472450
119857486
102892135
87778585
184183181
26374902
89052751
46860222
139634028
134146323
159927148
111683557
184134333
52893061
149676783
158620962
96584849
168659932
5764267
125233732
18616286
144893558
154784022
186271737
98388754
46816587
185269151
115089956
91762868
173493276
183078815
144741497
130670577
109671597
82054003
173497418
144578780
161183435
86428126
171725978
186697466
135702894
44307946
101820650
184589475
95694590
25862178
189637258
186495383
99419124
111163637
96988751
42671511
171830557
53136836
60115670
175747352
127661948
162858528
112590750
115474913
164296226
92007783
127598689
173595918
127831900
181598286
82166749
103509248
116708065
134053302
132903276
23814335
76639761
155894769
60876680
122533193
44432372
106544021
134280093
174757576
191628427
178953159
123429808
77505975
29349730
100619833
98928174
72197973
174863217
105482599
128656483
132786334
171906219
169010357
41003715
155368552
132865076
132868446
79839350
163575556
174223737
125233916
46451685
66022101
171741893
138475869
81435867
9085873
144198454
177718763
9284079
72778836
167125958
154032858
120163766
94174939
161446440
103781027
103781198
156982113
178274626
33164015
73275137
78433141
104452939
149679885
174297124
183711505
145690128
117617539
64446899
64955052
45202657
122276157
116740126
178190461
83472508
178197473
169400677
89254603
49651774
58803982
139060928
165727600
186614786
195479150
131973153
90357684
22312373
106922550
165478011
91218918
78820218
94838018
77923656
11373725
148305766
199628101
20549479
77088616
189045688
167683723
156673922
173010436
144254797
15946084
81708183
94439834
104920347
142976981
33006736
23862162
131158227
142106941
26208314
93711941
130220352
164907878
24383282
128612286
70731700
145253060
106395175
20679843
73734880
60727469
104944155
169900631
119032375
121850693
34103008
179285803
112205147
107963277
134760750
123428872
77640453
196212065
196218289
148342787
58307257
93616027
179560240
26780617
32753611
79023216
178219016
117578361
108577945
134007408
167044199
95208805
95209855
126302190
117552856
151582106
21638518
109083328
135775266
177131134
184343988
169326743
166647719
29044015
118193588
118198057
28843724
199728987
107369641
44153080
10108813
171143869
110168965
134953030
192651859
187664097
167546124
34482751
80744005
53998267
191548320
127395236
87691744
199304468
36850747
163083824
162738119
157743743
98344142
59285940
104792045
135769223
78619237
197912904
99263304
197919669
119294167
49070709
194600883
125761042
98515105
48264597
112577145
154097013
154090929
75599894
57476763
101643050
140693959
195789557
97936380
128697618
172559402
53579198
181352000
100444762
17055017
71375124
113572369
50916414
107475834
151475948
198185676
42778643
36606321
192579815
44298554
77034780
184957808
30806872
30808868
45087332
156229733
71765761
51994287
198903004
117904427
99257284
65309134
74095810
150382363
161204988
96859960
151983229
151986642
148449621
139516813
74349069
68311557
24037063
168709465
149266250
97973648
156740298
140139052
117681725
70383581
70384522
79710061
88122380
83064527
52828053
190185571
21889028
141946224
59676267
166056778
74194533
81768423
128416133
128416167
17595365
119603112
133665651
156828900
74046508
64862521
124320539
124321422
172600794
117025129
119316504
166386490
165402770
77725934
35368437
20817821
140319914
117038577
49106134
18482292
35455292
129798369
78763865
78765843
40076631
158862955
11610308
163843601
87858031
62403591
136872261
170280912
156307794
55356561
182535375
61905720
14796756
164960776
144528638
82695686
36155528
126679105
112501647
82697190
174553342
144238269
123163654
142152389
129047115
85250407
82975896
144513034
92192403
47561147
77635270
53279810
96077372
151542619
163537200
42162933
114300312
114059962
188261790
104519907
147570863
64572426
144344771
104670075
161318151
127311110
179858459
74126197
186631919
87202656
23651112
170179931
97036116
157466057
194089740
106588127
106589146
50004494
147917566
106876041
98585423
173636194
180121207
41570802
70003692
31532366
44170841
72210386
37237289
159799085
73288282
62229705
154635564
29788795
171613934
51268807
128159610
38294041
50402980
192284525
175460168
56364822
89052419
158034372
185117954
89634184
88300940
127032188
65060455
180509832
123368078
151792846
189484646
82605152
51076257
159167896
61967150
46254472
143537966
165450559
188355895
42422094
139078794
139251340
107833044
194849827
172027221
78009672
65414981
41083552
172589648
31072476
66340490
112402096
187888322
190870834
180775250
45204109
117434698
183716404
158261141
56819680
64448715
108667124
59364565
162161896
85869342
20512003
116891614
132134404
45020851
121890832
59609578
162587572
132763984
128475901
128477485
156039692
58468224
121241415
64010170
40157367
31465938
171122590
78845772
94180284
138231066
160088577
94845234
16287016
143122521
165780721
165782938
197195574
164744258
100693526
113390324
176189042
146229348
135352660
29075448
121528658
26870520
197315203
83347649
89787795
153952131
156134000
110149621
49979582
150947212
47581011
78733180
78738871
45512527
45513844
102607608
156849366
135695766
146807722
43733801
178235939
146412557
147109750
165957393
179158894
155856827
173871896
160184106
37364511
199258032
92794825
169600231
142602605
181023161
140153427
113459451
91658811
161551676
135083344
58346007
105541050
147037838
147072600
20518041
140454391
129714296
65663409
78524794
97787793
33241286
171755498
87690536
129637789
163038466
163079912
16148508
138747465
171544614
169908544
134764575
179280328
89913053
148491898
122649597
118400918
118585679
165802899
73720068
85355709
114943001
139177004
55371252
139179692
187640307
32758919
84307027
17951929
13748244
49573067
49579544
172714342
165370680
165377713
179324455
179321294
179323170
81946713
147685403
125775167
181338192
172127278
186229085
52216574
11416020
163718768
152876919
151081256
78736590
111228731
169507341
59800939
193082738
168210728
176181356
162087783
73672756
27002562
114858093
109281413
72400288
155921958
161459666
169547960
61241340
43737731
104915277
149452266
126042506
156574370
174329238
38257914
85866906
155170753
91179738
17165108
40150759
178964104
165147220
85830712
75213632
111325628
177875486
120366511
113643708
42066144
138413571
107494481
153101104
104697843
86995959
78127364
122989131
102411203
29798913
171789428
48175258
61403341
123970261
199074239
38981281
152251976
71514483
159824255
143669974
66689934
63404433
71451626
71459215
59181756
59182082
184426300
192710583
48145779
27949102
77480884
64949751
41001092
137195272
100986536
9123399
98135695
199245412
173556378
173552116
86908666
129524780
171386316
151989760
117119160
4846434
51553557
146602247
197049467
16235766
62078579
75327921
122727097
133564057
14241700
123964954
18592814
79238255
79230046
78004903
69576481
15742242
54936813
114174679
157914959
10335900
58262874
99098131
151032860
164982143
117024622
47135400
58800893
164643945
164409835
109497210
126119135
29354121
78632932
22433091
22431490
38946767
29810506
37397741
130097951
60071263
56096061
157417048
58904029
18157492
173915721
178664060
128291511
16976560
62898151
58450704
131160457
147803205
19709848
14398932
64345033
99622006
107534374
175242273
133049654
182755585
31075407
75328265
101849042
92045324
40754293
99176379
59041592
102335616
102336654
167993424
42169271
11855396
112407076
52100942
142201632
107079767
28384272
48447124
189312759
156084401
179052343
144989777
123792966
114020577
185898337
109878398
144984274
170450927
147881025
186267552
100368455
144489335
172347527
68855208
172344927
114512968
73973056
149499584
13819565
115956808
25577618
62790558
62790904
166961303
75007877
54684898
66587872
146171418
176930821
56237317
162505407
168077537
161099670
59478733
157381677
140531620
189938920
120324352
179102074
34582411
35357377
115866865
130449811
137440778
152428222
189741062
77528397
133208516
139021742
112416961
143718643
57176977
185769330
84206775
65802844
19536619
172202392
172202859
15768547
117112997
40855365
181264178
181269716
164431572
120560196
114363291
189993667
57958857
73116340
72702815
94546383
75325975
100982214
179408224
155210363
87651519
51466687
58036363
161493902
72709758
38391545
146681130
146687934
168941198
26381601
40502366
63151505
101326119
101322036
192154381
30064323
30916256
74214049
84047037
104708046
45976348
101228132
188443027
54718705
9440698
38852782
57944548
83513261
183176441
107910942
197388021
128011987
139803244
70674610
55914020
36243449
196105021
138997400
98764942
101822155
117003869
153777430
153779790
153774199
185080803
11173892
190197390
117411727
97708309
165792644
12958594
1740426
178301460
117933833
93398402
198791115
161461511
161300953
153981084
132519112
98684088
59301441
81871012
152790351
164285291
126398135
81006160
166798590
80169128
176758378
80100674
80106012
171278974
174328139
170465292
101443308
171568072
41749107
72470939
97930734
164049954
174668833
133077243
106675193
143184250
101643635
196987544
164321467
75494752
78619236
139291541
193789750
186346619
24120286
189090838
130502246
89462638
89464028
39146956
154008115
69513414
178863818
47345145
115602371
157758369
142177566
3914354
174839936
55224775
198023965
144397074
111780404
156614043
181728155
49245516
20448177
40913074
97852827
110609794
117455850
178545541
129834464
143298762
156951625
127786444
173911911
195096598
195091499
20658176
30758076
99059851
156366680
36787859
37588756
189038912
76812978
46727089
46721363
156452835
157288543
55448378
176272185
131391136
145921995
166239573
192608226
184203380
93414184
115789706
127973831
72673945
130925406
167006462
187578531
63004773
56476693
199015598
183441495
194511090
78630808
48273487
118330235
64766374
182054134
198254364
167682080
183780095
183780474
70103485
120230444
157682388
125077730
77766635
98060058
30236219
64468407
74493311
49935248
67387869
7306874
187460372
117065544
309505
180438051
16541411
111022469
180490949
27277767
95915111
78448147
62396600
106132627
129724270
29376472
145244370
146056137
91591268
60874419
115064738
54806863
19894834
127981642
88307464
59240487
182871713
52302354
110535957
57741433
62660613
159926178
18022979
44720955
50590407
94843967
174472011
77730627
67397891
71398308
139128175
139128674
161182000
11293862
45927493
45925596
140067734
63364453
139047034
78295492
159410675
112156059
112156160
36458194
172044295
117876201
21074358
190949825
87889232
122082201
147614469
88640950
25179385
59128128
162850954
73631862
79676682
44249201
79205231
162700451
127183040
173874614
120332696
156105581
170956692
54381588
78613946
189456245
133591983
133594055
129297480
132070924
90232826
173743941
91275158
92881513
168806372
190696217
20623093
148280865
196380024
28618330
96787219
124686851
162431858
133696080
198027975
119254448
57585217
99051932
106963658
40441774
23617199
65629719
11506755
181521795
56390005
56547503
189753109
151904596
164358185
15349879
52368456
148680297
92354722
99395162
61035978
61050022
158511928
152151532
71392823
141168934
154035750
148924463
155365858
184556406
131823315
146013576
170808270
126072128
19891714
151422772
88190899
182500122
148394615
148396898
97171981
47673607
93269242
158528580
43166740
106573074
120160265
191885497
16358498
127103688
183077224
175324601
72196035
179008326
149168694
167863300
97533162
115087616
98389226
31465656
164032197
189630942
164299780
132311731
153905205
148127504
20004283
123575161
156501121
18402994
102842975
102841792
57939900
94933740
180021772
180854454
194132363
9337449
174149589
16392367
156179512
108051203
193772713
66596802
70679700
156634281
137265754
11543418
14159118
171101185
123758886
87027595
130985079
173096175
131487530
164144960
107545550
143746710
96877571
185652804
77304523
96084597
96087371
94124669
120023603
130166071
141962653
134192154
120748312
146728897
13215725
152840431
147505448
129749262
122007033
22295743
152297354
179117828
107273284
58879863
16907857
112834562
74215360
70201887
53367377
172119405
150973490
188821615
188728502
160319598
106339658
70077222
70521029
16186335
145968423
126721639
128158333
16729454
76684504
76684912
107126591
175022443
6157273
191200183
162000278
162001444
28623024
158886143
23210887
9998439
89989009
152463574
91206612
158034711
44114843
114116473
40335044
118102410
161801722
30128846
139755616
60567543
82379250
21362198
22323592
136759388
68063263
149477316
117224952
117229457
76866443
41228968
193734845
131587058
66225120
13772086
137794955
138646531
138640923
145889235
106356770
173864071
43099097
134093591
13457110
57393833
113779021
152672052
155324245
16009506
87251151
65808954
76081640
113971188
16545987
55104399
187199881
162114226
131153954
96759470
173259061
115615657
13582789
22008106
177595179
64554450
19748749
104717222
93034664
7841030
70425198
52760232
33133189
28618892
64824491
162438285
180016583
161923285
120858605
159692025
103964268
153430965
9430870
171481670
43713870
65474501
43716063
132802464
73766001
174925787
159653696
148179275
167267673
117344832
117348539
87931052
163140347
46360992
29879267
135533271
78823759
49410115
161538522
148590588
78333009
78954749
198633414
110956532
142977138
115545973
111570431
146028943
104539008
192453970
138933652
62954984
192428437
48934497
113435806
154700338
185875820
160472632
148025386
157688755
139061612
123111993
141908088
103303008
103303632
110246363
5896997
162830369
30688627
157553942
21841600
172050465
78102917
191037924
135736923
78108357
131900672
74870239
182381509
116634359
150656305
196254042
176322168
175449415
164977903
72799339
173207618
127563882
194612510
100272751
55662145
175571764
88717991
53857632
154669122
100749275
18129783
136242257
156153328
44453185
197369337
128428785
52523702
18580298
64902946
128181637
159123182
87181567
185369001
194309951
155427602
102534127
190223411
153518415
102257281
178324515
71877241
62737559
74820839
61534067
188009569
73256500
191014062
66205719
66207969
123741344
116564705
105358051
27081031
141320684
163627914
144407761
56392298
146901875
69062738
142876885
153030232
16093718
119158201
174915062
66532309
138755486
76299948
85161322
33616492
41582856
141235759
35860005
114265010
66152357
13620365
97181864
17293000
155644371
91670164
117941323
71188981
140692224
52844482
110607586
107363783
199721824
162973610
29208410
163662728
64989016
108591760
69704848
104863100
35324789
110485309
196448271
101641053
150863543
115596086
62018398
134731114
134732197
168114143
137891647
78304050
137382026
124953347
178997171
79816075
84502179
158872384
184760102
64688119
129160602
148283696
131948362
107110680
72200795
165417056
167852018
22193
183763833
61267053
175318024
179867714
14652605
45778720
80501508
124480097
173009945
27098799
48462379
39133090
181918058
65778777
103858230
109017806
184142093
14258369
42964207
49409905
34499745
111646972
118616803
175373823
45282356
12851676
215198
132573387
85844462
85849677
160268779
64306027
174116884
174118096
57125603
56059941
164660917
131445613
195842593
92665492
22414484
64144812
89609543
79093839
42057295
17147399
75961686
116502459
157305643
165137379
115617802
27226924
42864487
186518793
21000855
152076659
55058648
14078932
169608853
121458579
91657485
35258306
5337950
36845758
169049543
182452456
100866937
196379373
161843056
118667974
31039872
39717631
39368602
46821440
154667726
124559283
111621038
35054972
46343937
44743451
132206908
173837283
51028371
51026879
186675475
186676781
111630450
56800589
109942765
11763935
142775839
67463341
192923513
58075816
71612917
192131432
162888255
55070443
16114141
140455848
148737951
171690028
94115004
52063549
41620918
92739853
56016571
38219601
67022279
124301537
183992407
121119532
188387483
59565171
74745348
135949564
154483299
65159926
155964790
174864399
174659279
116103663
59720857
69510271
163626789
58855590
177823124
166550005
166552159
42187575
107796088
91945799
106816005
76920802
128318689
37660857
29590585
158696443
158698427
57602803
105554656
191012642
84411813
119842271
119842359
156296459
82303699
25231160
154290566
69449412
132368102
52929830
31599408
127590571
21050932
186002247
30445681
154927474
40745057
135703389
31459274
19612342
37510844
69326004
107065607
185444570
55274679
198641109
104740976
38357513
111773326
66754561
157609858
157600158
161321057
47674637
34352106
126744765
112712798
150094336
142030306
127917818
189155044
123787421
34689826
122869375
122860036
132342702
132065188
183341010
44556793
30067189
160512874
49984101
159795035
30915997
182870236
147830106
147473755
71185868
133592366
122810698
79999830
67051623
182358386
69543974
196981391
118069077
134927618
104621711
29685817
130739097
140632892
108381986
137258439
97298504
90547680
153416632
90460786
92210655
132674982
99015720
154095647
174274961
141196097
147450968
34072939
18620514
24334744
72127224
170381350
155278801
1700014
59214233
126099182
162287364
136605291
19228700
120909645
132676004
157290549
124908865
181688276
50896532
182356110
53570166
67059854
103075781
22938079
186907273
186908297
181543667
72472088
68795325
163497466
168823436
1780772
129918746
188652403
82223425
113806019
164040244
158542055
174310702
176272143
131397723
128291325
76810833
90238128
143229938
134765608
36659270
60922851
92604350
101265936
49561540
84301294
116126261
30473996
164404411
177055367
114006084
24121376
134378706
159811421
15524071
88929582
88929701
124506472
165293074
128629682
128620923
104940823
74857919
66386048
97186558
28887211
72590268
125338055
34379793
173913463
66450875
46209557
28642672
24310652
124537593
194769513
44675580
165066258
56906341
152056404
144319032
129165885
84993586
42205191
112889612
118903682
63025468
134657980
99676743
20894341
140998013
130360413
183676176
185072303
161995158
80606698
123866635
132742526
163666445
148418326
65427096
192560949
181859500
144500777
129069702
54358570
111073208
89747166
95854618
89551253
84925868
57850137
18009561
132177591
125667837
160489486
159560672
181196937
134924697
160840644
120435489
126303926
167779741
47802367
46331797
90377340
171441647
104795578
164467778
59384181
128929391
155877375
186502779
124307584
144581114
130483646
19650172
73820306
176545955
195382144
130594536
185668739
18501670
141125710
144119607
143617174
174862048
113685640
8692483
163082112
89177117
72273430
121685590
58302213
158763778
117550447
125346737
54182820
180642210
114943104
114943517
49564877
107252533
136675327
79958309
190578530
71756802
176364775
155947677
137937217
131573787
177786365
40002917
147178108
88708499
18899291
99550308
118175375
65524301
125343072
125344921
103278837
125765562
34071843
165275048
53762072
124691187
69072185
36045302
32393020
52782311
34262102
170594454
39018445
104713787
149995756
101189012
52235203
137408789
176966702
72430213
115174808
97257106
74830459
189205002
30287674
152326194
101348767
172345284
122756687
146242389
4651231
154289672
93759847
164952016
114557364
146560593
167475591
122265383
41277601
114500680
130990433
100993590
197056704
108997615
118673746
58762478
195419904
175804281
106849935
191921717
80274998
116682110
151896532
67529143
18979983
172254278
21789590
18331929
59073359
130153382
51682469
11744442
77520249
155908610
198774573
74136074
186599142
41925024
172513144
20592725
57164190
37768908
9739621
55587737
101740677
171047318
171049958
37343736
9233560
155987381
120551195
103475606
199222823
163269622
44861721
147303591
121253113
121257563
108342569
30627818
199463149
93153935
114635313
155693306
86558360
81373794
192220589
46948746
188689238
16407064
39734842
39730756
97706395
77118801
173865538
177410465
146238570
146234802
188014558
148254049
137753798
46080061
115991509
134524423
115999823
174969754
179577968
153023267
39430818
78626548
117760233
192490691
192492554
178617669
115211582
77854826
185541149
136946316
103987952
103989982
101439006
179778474
131873047
181398764
141936585
94555859
171171157
187115632
169018121
155175694
155178725
117543876
24778068
107491415
169076184
168590903
100697568
157699428
154137287
185131563
159668112
171470883
138582616
31308707
177873784
130853865
192947511
77083181
158939664
114338805
169581832
96103083
27950751
54600746
160470837
160472760
172238777
116899031
116899282
164109191
174006793
179888125
169549386
94180329
108214863
160665501
62280838
79481544
165107059
144252792
168998511
158070972
51174809
144309000
129649644
51762172
151950229
41486511
141870134
90655655
126056803
185160979
85549299
177398197
18397968
25306328
115413289
15723085
58672999
88787787
86979311
36138045
77732456
109673747
134062266
168811286
18020727
46501063
42731535
32366949
157440150
173188159
119724449
44729648
97897620
98777609
98774390
118455439
15145517
94276646
175327045
15047115
60925044
15074987
65934938
74023909
56633828
64504298
83170280
105281691
164787213
47945311
132732338
147521094
64352825
28394351
28399324
126528099
72771810
75317616
172494420
179009471
104584387
166202711
153922511
162367864
162364496
171377808
176264598
125564971
57837869
147711493
113537454
60548959
125859249
137781058
907717
169107088
107086687
107081749
10943824
19593467
33402259
33409521
91727508
169845159
147037345
187113335
191303390
126291957
160721237
153510235
135814240
132603946
132605112
60815819
166105827
166108361
101360240
137127117
71104215
61975831
170620754
55360608
55366149
92968122
28000641
199750452
100311931
100313183
82407839
191773071
76327015
184302055
147018084
138309839
169194083
80961661
2608235
8786088
159968618
100101678
179947373
126635436
115837352
5649525
39161862
136366706
35775366
170862417
62561770
62969640
26485142
167113384
13091413
170454470
128894575
183411344
150251331
152933446
179053826
52075441
198036726
101044570
7972852
114985968
55673275
62342236
39549009
160055176
73473782
86386776
93100563
5302534
150826605
156568585
177925579
122554952
79363863
133278528
89692795
36750581
192092979
4269353
56623220
85302299
73604909
64368827
23772147
1479572
68273374
118693069
68540719
47769724
19940775
198899634
136777419
145422297
32322564
183779591
104972402
30795655
128713461
113362233
154062666
160273512
76644020
87298974
77698018
60124691
59930627
173408447
60035134
177189202
119338751
166740201
69969488
58406327
75460214
143408559
72140330
125427634
20970188
176519621
90707764
61739656
9901337
167029700
193424098
143542402
90559750
178816083
109537093
136993515
99180537
151554305
140207619
57972590
57974341
155594830
54460389
32939349
109590205
110275481
44014482
188728315
30914145
26069531
41571711
174973524
58691129
19501218
194531559
69736270
115195600
137300438
158073384
26308283
19614673
48687896
120832529
127873552
42655186
177396170
180240781
152103695
58044622
70071098
188838627
117229040
30448018
82719272
150247376
170543230
188941430
86672266
163967642
36435328
198796505
153067520
172976919
169337507
3230999
35827449
111016625
11315113
56344863
156584955
76404932
144768611
81855800
75632747
102364122
152674271
152224790
93390066
167050331
116390622
74607990
62676723
15534158
135209076
111341698
145166122
43458974
127643588
37411285
86437352
148364874
148366995
59770016
127938785
116882886
194991891
66236894
66237115
19998421
19173747
37038291
93030020
130230749
53948545
49392057
163358978
71907583
192536098
64550923
67953509
151280698
26173331
75914159
73569484
62528628
159185221
19371140
84794392
90312519
95060783
157649201
110780441
82909849
107806723
58883538
58886009
137857286
96763090
60611282
176795201
31161825
165070334
34471705
56915025
151616450
109908671
25932009
104170546
186572526
33570100
108451342
161580834
182566458
172943088
172945421
151882626
199759885
61702335
183344634
183346072
191084321
114434391
32121502
138562584
70243681
19586024
171931464
131682597
141858529
153365004
131780493
168651626
58679838
46509877
165651067
119246988
56335338
161599867
172052019
107179263
72793647
17280341
162839820
97020949
82294862
121765406
88418990
59317457
190715910
17092463
132240045
157438628
111838753
156675064
190077964
53232385
53375308
86278132
90151321
37547355
69220947
182956091
132828167
171820071
171823522
41140872
186343952
82998920
157943214
187063977
74466471
140471807
198454104
198458334
23525567
91053204
64526879
179663047
110005455
149473163
123589164
29110316
3994675
13539012
13329800
128154963
77744788
24066600
76423575
64564561
67298562
152590496
104563756
163044849
57638803
100573552
150718189
28775367
130632396
48091853
129110870
3750801
181825410
98195756
27735404
142599389
135224016
185878738
103972022
20024995
128279820
90393559
196123214
110444393
161122361
172057401
7384075
103864386
174069096
102047616
53238900
91435638
70411902
112069458
112060809
194551177
4669826
114338191
59695373
154700376
79626932
161532893
73385084
162853554
162854596
148870680
98084415
74035362
189865247
142535925
171414646
108515654
108231212
169508072
144250794
79483884
146306738
129368563
174907692
114765806
56272893
115506672
114852305
136566532
130571232
130576974
102901313
118538241
140238186
64016521
155224819
166026601
175752968
173695524
173691881
99560416
158470636
158479216
156039289
106926859
133737931
138589596
90355265
79698907
130716689
168435831
36453598
154252559
52806635
106159700
153503560
144604736
124897473
155620433
57868889
57869093
135028920
199776314
102080423
30580867
190552105
75300781
157137378
58182232
162102979
59813785
29669403
113429260
173987646
54253902
154151546
192183669
178520975
178522549
14592533
182937385
21037387
185591594
183725013
90324292
97750161
95630994
191862904
156010871
116275217
73315285
8313597
94619446
63952036
180226645
162240679
19603279
103406072
176681904
42360239
3876504
125083322
19981127
82139475
192108594
33982554
110092359
31899902
124097004
134904256
173260066
13579805
64743571
18049631
71779750
56502844
37635914
20640641
138149903
185039301
44842803
45368003
58955687
118031254
66582629
120513849
157389605
93954187
189931769
145069619
72915627
142232430
87149578
165627290
12679036
110074352
6906822
110071698
172346252
133108118
47005935
56487279
145634998
137442617
28144334
133960547
131806980
101746138
166825633
41786594
196155898
186874970
117126904
183753719
109252731
57749902
23569709
91598130
89797219
191282115
44933708
99949511
187540022
75263288
134062474
186150383
78494287
99525138
195778961
17711125
80856886
145054003
152097561
152093035
96928490
178676546
190099449
81254638
178290375
23035907
187856667
131112964
140494316
146664839
135653676
6885226
16643165
13002504
148963435
140400713
37862039
60081878
8718017
90202069
150840214
156733046
73655019
101669987
86021620
187004086
8615625
18385846
177158433
101125268
169127570
48280885
31237497
38162719
165033683
130045797
197133731
14118971
128113176
39086653
13106757
63974506
81117841
82968778
144730442
2671267
149032722
184060900
115719932
125032378
89562565
61942860
118289573
105089272
112803623
172653877
172659467
49696719
93657909
175096966
168142073
133427337
189702768
13504920
168523941
151372136
130891767
22822164
187590041
135167023
31745431
131223735
98600402
103494927
78119610
165180690
162013876
147621757
73143368
41769458
144723752
171948318
129181353
67330693
194366524
170620021
58170669
103871971
103873609
183671166
124794160
82401589
63028941
125734402
125735689
34324396
20172758
102772446
70991347
162248034
105363823
18045550
37810965
57323469
146632729
173269900
72241846
48532951
92988092
83483839
51715897
77835530
4340096
94589431
163539245
158208823
92121971
60704284
103565079
53279374
62000545
157824176
169084821
126018884
21153327
111937303
194329041
167334077
100412592
37485082
157708890
44193787
56356149
66430052
5367223
170503063
122459479
102334398
68047396
180160968
151458250
80324257
13142020
166859409
58911892
33269761
140123381
151262478
125381072
65249042
135846616
88957931
199826783
119925964
157024763
72014182
103846848
154311426
154313495
46421326
98302915
166177017
108155357
177802069
58747901
197354266
41171545
158994548
63259010
43442242
22119766
128768140
94392684
9604054
167916703
169161825
39930693
112909902
67184306
58248108
123626230
123628417
180406149
134129081
154800673
117142550
132971530
76167001
26134591
134608229
65377105
187318266
169060074
88680359
148420281
9988321
93007665
174210540
63131077
197644519
170102379
96224123
56951668
199055315
75723329
173561419
154585546
178018641
106103512
196911725
106558356
177078747
98891946
90594365
127118671
89677367
112149613
184124060
183665520
132594516
186401431
186440001
159516650
171130209
171131283
138350056
106646525
126468775
148249622
156528713
126463858
40676177
81326697
81327711
133789337
192074325
186208275
95131390
30039370
161256537
23298307
127174977
99975401
33477223
80204961
41659711
187621101
30568522
198007599
127340494
138021358
180830435
148075534
179684730
159403641
71703640
176975523
90402753
129509078
153220486
153220723
38168806
100055914
137103025
156758797
79774232
70982097
197190900
196950697
138903212
77416601
181023423
26791454
134159413
58202189
50201875
159650903
170969308
177478194
150469273
158703940
49132240
167461262
148178656
199253524
144551365
75210569
125270643
78933871
194693635
83706668
78180456
18123876
170604509
129273245
75877763
113601565
13643541
65739271
121118051
100112762
21959750
69146432
107253792
179243339
143861121
47656490
122947949
170999434
186341350
50135334
153874663
179448284
95773551
110216203
126402211
32832791
38826466
170521024
45476746
114944979
58302414
159755370
179719912
164024531
88927220
32309456
79020327
79023522
191851905
74005026
49896974
134373769
159819139
112203974
181479413
181472466
136828710
84284551
160686453
130508667
132430502
132434128
10644199
137836230
137838855
89178891
12394382
166400687
151177542
196001173
89468563
144078949
26244810
155606085
116627538
132200067
187261361
46346029
118524986
94631997
171010137
49576902
129719923
176544377
161527740
82291083
74135545
141718012
136483469
199146362
87141025
178317566
118930158
30167297
15376978
144041175
189687585
177032108
86006845
38151405
15903542
17939131
185153970
182400062
159837150
177977838
108343554
92890952
86010619
178790851
18849159
152985930
152989014
114990878
72002448
87422460
87043230
77157016
50921683
129709199
79325187
98140675
119742192
31685672
37590506
153156433
109179864
103391038
172193586
165054400
107234394
63909245
21968424
154345272
128066349
51486737
104695588
27824797
72858816
22657763
47195118
14104826
109344363
180698227
23982836
160741887
151690689
134888321
53879314
112049626
38408950
170539687
195221915
25268239
138656288
15308178
128462623
54815672
93847398
93848729
52622973
193995591
155358988
112786798
78211458
129986804
112270190
124049333
162541346
162546663
179442779
153007492
89464797
66875675
46637939
114735436
102031750
186613196
195572247
157368934
56414171
100662336
156757378
45903403
107819965
156603231
651422
53183039
172890834
62260380
31517924
172316086
155571181
67909859
106199690
27296789
62632516
186242897
132819347
32812313
187740919
187746864
183493419
87305888
52488006
150798476
143507967
174161529
19238105
174166114
178697636
126175701
71564240
188465858
112191460
112191835
35378469
121587633
162128801
117560766
150547356
115651842
136086675
29169745
49544004
163313261
93284083
81677374
27013018
34273488
34278639
199699033
117249637
58595028
40357735
174358606
70254311
165680444
99818601
152349121
72373592
103419559
158481891
158489328
100754891
75400595
91521036
148649664
78397932
170761030
114543395
85421208
180550528
187892526
93259669
17911728
102564030
41881655
149363549
125067240
8491947
157547441
184464397
184467960
76798095
57432826
34125059
148629288
187734833
187735028
147498193
146793550
123914259
34057454
104963819
123308896
126241769
108625800
93954768
84199418
73474809
42453195
84721681
171877648
146343380
145424054
84971491
122551091
137238154
175549928
75716221
133836935
130695006
193390566
76095071
51338322
107744350
46842111
180976989
153152962
150672656
154172470
1790109
55195061
65869396
153217389
63279806
139033630
90672575
91015491
92362418
36514577
58868542
153663684
117398063
43193739
43617531
168516511
141732640
176504162
78160537
70379305
45402027
186178041
177148099
60864096
191356129
191351774
55431887
142965198
184989629
187847871
82241015
151216163
10229593
191594490
186489707
141236971
98027257
165833812
135890780
15511084
139873691
165004432
181227198
46071308
136275228
138896750
16435923
82540031
91467248
132816343
93901578
21615289
130068472
90213424
54358828
158690636
69601144
97510612
12965812
94721938
157109459
76134542
33317558
57889128
74479412
71471854
128372131
80443246
88164015
134136333
165037154
192877927
68122566
78172705
78176277
78177914
81456343
53388579
137760291
78592755
42585715
14654367
78579756
116771402
91778395
77471537
173735720
51567502
58888609
190035659
89315120
33119006
185789084
165666978
18995169
56670007
147690173
75394404
169342509
42869625
127941973
184443364
29710031
71609346
68647714
161955019
5391668
165441389
149764733
186514778
125148966
163934826
32244220
32248057
119416915
119411287
37031474
175717862
88356079
177831268
38342376
89617064
189384081
69618096
99119169
180231540
108459536
186572585
186576490
155298569
165753982
29883193
45789472
173942069
124605898
170916875
163980476
157304202
25057108
186464357
72076593
21009487
51722245
109953014
93172518
90316543
38756585
99350607
73540057
73548392
174043729
35063829
187217549
22028522
166428438
20676690
105481445
131218513
123443660
73827833
126127356
171902692
197475479
119567379
87435937
191115902
148396216
73010997
17418479
172842773
67292359
149657625
130196614
152599756
155996087
155996088
119499952
167579165
140215723
90083248
90087678
164697978
106615154
183791063
164657144
128819939
20994743
178231471
77054654
77051453
184663726
36606498
39202726
168005733
160331434
194088029
77960105
152046612
144849807
88226811
143480109
157310816
197178765
157231745
157238533
38751273
49272763
161086372
161089473
49278023
111638199
113436570
196487991
196488423
69120328
69121742
69124604
26469581
160644768
163459446
179010550
56478697
73366069
173765512
9803309
131994793
195313944
18156883
153915318
129463750
28618958
156759843
121413266
40413522
111524802
135241081
138020114
39084676
115356368
149691800
39638466
56470797
170759708
188514492
23449882
35045834
163450476
103424135
103426025
144204594
156049260
125171535
171692784
69512369
27148805
189093481
155876271
150139010
8697859
104662660
141126542
174869865
100789254
110492609
147034473
97944105
154974924
145117721
79622883
145950756
174735321
113432614
162169652
158766390
4618231
19159298
12400937
189588633
106881240
166406005
134950770
22550644
169523386
103970473
39077152
5460475
79026889
141355557
11037519
40964833
81011725
795247
172120070
179718137
179718616
50320728
170525479
105865716
75956576
185378393
128173598
170167061
127392977
67737088
10932758
147005270
147005727
64041620
65730629
65731706
140809913
107775620
134231338
108811746
27081117
26552210
34703623
177212561
66201248
102256525
140868658
78080054
105352474
161674188
120412089
29208654
78972763
132088882
174286260
75667887
133133323
100775544
104993177
67987061
139660092
109194709
68895600
37470231
175100184
175105355
151121055
148310878
185599833
120106814
11311209
95140395
158922580
58700076
199983347
52610883
156556640
33281840
178797205
119743787
127507194
78037193
196455854
131508563
84398214
52888158
166638595
67590770
125280976
152986197
186389765
135639516
144492377
38403241
34732805
126804425
45557652
147967887
150674324
48067882
105007369
167169147
191868419
125130426
156018121
145529654
59830632
59836377
160745656
56348592
156586650
185714016
134252509
152791110
68783979
66506556
172158035
42046824
151694666
112975132
40112918
127641159
81871507
81197488
43000372
70478254
9704504
166837517
162508301
131679481
161692184
199140684
115643304
15095086
197520854
197521687
198889838
198885868
94510812
67166135
176197261
154197517
100378039
132985659
82511823
54490077
113729751
124877592
39664176
186246936
184363752
53155357
37865363
59209805
153421247
196558352
153428148
38196691
38190122
188696353
158274078
160248977
27724539
148528528
21656276
47389314
117074741
117077789
34174476
154054006
89453221
126566563
29178732
48893123
71084857
172313264
54033484
137040767
185521395
128526023
114247151
10870563
156734353
45413027
75922791
118256649
152363523
149696647
197137457
169353560
29647163
54308902
135174098
41123707
113812409
181316883
18790810
79928771
159341059
94393346
118053781
163286451
199496030
197999649
110392562
189367592
119269134
130201553
152036548
65376014
142120460
80937567
186130890
21937049
21939793
43490341
72948840
192338147
164499004
86359323
98823301
138200824
113091604
160803899
170895120
170895179
181235896
73241722
170323160
78454041
43500462
72574725
72570821
196408789
177707661
166510517
142498555
64978810
184713912
92158367
34165832
162294768
162295558
43859257
97595419
89813642
139247484
101703273
187077761
151604800
183293523
143289346
113134072
53471173
100769353
157133658
142197273
191155301
9977903
105036202
88474907
103937232
103934687
194981428
154153191
29158288
138515334
158615120
50155719
74012144
52988361
64244361
128167112
125801710
78589210
148381102
148381955
91735713
91730812
156996917
122801196
85958290
12708586
16562535
119430883
79139
45405743
41222861
116193481
122230637
140900387
153778953
80235785
72639942
131644902
127775964
91237340
64054248
30869453
55035799
153081798
31790133
66995171
129624252
17795882
6780128
155479598
168567611
154356010
65916647
89037792
159649565
57122389
92921671
67899914
131594193
80511527
17965998
17967555
103117478
191392269
81082586
101766444
67173674
77546570
60298107
25620664
66505355
3675288
162751445
40594760
121553355
165014670
147130348
21652420
21650796
123901873
77392855
12264419
158272547
40941345
120122848
120123154
120123766
154059515
47593004
85022517
33179363
30303936
181300010
134848624
22453890
36730106
29275196
130742795
10168786
35752730
182427479
80069033
174618755
41911876
45466035
109314258
195666194
178141901
147158928
89342402
4780391
71139446
13507924
186186180
180465282
96142983
43316306
93650731
110129075
149982701
181311706
47145827
145744076
61123791
131105660
104478663
94398776
145328291
196842286
4637270
173578889
77199400
104475614
22016641
122298509
48666088
48669568
53529888
45633834
131559922
98476563
86295441
121195023
161425900
114647856
15667675
71042796
65929580
170443281
170447805
65172073
56227762
114193933
162875002
131067591
158021254
182471519
72025652
44915331
144104169
145351590
173453648
55773742
112083093
119085949
116141063
155343110
145075778
20100645
171197803
174432019
54065051
145686098
130200791
130202715
171628189
142120752
120600352
122701953
162098329
135655684
99422655
83035966
63202142
131451132
97688502
184402490
192877003
116335652
133932214
133933024
55547041
179511733
183008983
57008803
75122514
2189257
80442181
41690583
32678547
172074072
113010879
113011854
104609578
138835863
138837498
96416871
188056330
58330705
130804004
189709688
160947901
133427903
133602128
31956523
158646252
45906281
111520540
151377993
44873040
90165637
140843862
197719407
80775254
102760764
89087831
117724758
83185647
96379776
88117021
76913199
168256034
102850554
36796051
92832871
169350413
177606702
13103722
118288428
119767220
80051486
91128037
60154245
83361315
40452954
177810320
90013796
145772159
196706621
123057446
76969047
182312201
124849070
172329662
29233430
78351691
148422180
165864539
196419505
193396149
193835148
177222150
181747936
131742741
87570474
144284669
153845360
59072279
60716515
124591682
164179912
90720798
70018397
125986317
66323626
187337723
118817455
18137402
174595332
174597499
177127639
184477290
168278333
38632844
171403547
86009547
137702956
173516824
103877284
85968615
126885846
175202966
38587811
93454523
39162082
167937892
33748337
98357095
192902220
170155594
137072147
80963203
172214339
88906651
20702933
83305668
111671145
64541306
111678873
67331255
162038161
79879746
54052033
121218641
255110
88215522
20192375
166669993
129695587
79759564
158465698
165287581
22121580
36758243
151202076
60506665
9679968
127129557
91806079
61545879
106530102
187677952
187678709
104447454
32710544
91416129
143261148
149709511
148613961
85303129
23777153
99228037
22897206
108841376
60575331
94461450
26849962
118379041
196912851
154584352
186963446
133115198
9363579
105219688
140094387
81218214
27468837
92751055
72041706
72042721
119379599
188466782
168894314
164555787
121284721
190361919
109138549
82212336
49010504
71942751
104122901
84354070
140345606
25127851
24930384
70030679
41693408
184532238
189559325
71585631
86932642
85979577
100066105
130740547
164716368
51758379
196241741
107604586
91128681
9519333
151969837
111200214
69431536
116459400
167279225
118843497
137870435
153752981
35579949
109459407
31430460
118264611
130604003
105423320
167103472
55549657
58130348
9062339
17763604
54142651
57912436
187134046
89903567
162749612
178653770
172382281
182267786
57348569
33074295
12557828
78177943
118602231
11820857
11829081
116055696
169278288
173841632
185729569
162607045
153173927
151392982
188286919
5968304
193311765
40451639
163533128
105453525
1021959
20751342
140834433
96614228
87460387
45243842
74084571
84639629
56246477
194326537
79044161
89369801
112759851
179961851
75135797
111890487
53012131
9465720
159229081
159229670
159229785
123033359
132588733
170564720
46853746
180779299
154653474
57033916
198937907
108203462
44598403
147338798
147339211
195354862
95234737
146266373
108017157
160782178
9506684
146168350
150479882
69021731
69023729
150925531
160838780
77186635
88182267
38060233
47352121
96848473
128190685
56995942
197322958
106609303
50723923
90325655
96365882
133524967
117999266
27878184
124076646
111347379
19992111
105953355
152661908
95956004
167607960
187837259
51984391
156587708
156582231
82767603
82767891
42963035
59163947
192019941
80354719
22052462
171515900
147541916
87253495
78868890
179538133
71732422
47936704
124260508
40789757
45992448
151782102
60214447
60215528
164347341
98873792
109937403
119457766
65716538
60491065
115008577
166553388
150043103
192883119
155528853
157350165
50304142
157353627
174542448
174545255
148638229
36672744
110719281
24504755
174910767
62730738
139416858
137752639
174333941
39179904
124680109
162434863
27710544
54833350
119252350
37588973
108771931
25644365
194144979
98623509
134270847
172436854
133655905
124536719
30103674
153395344
107118678
35487533
145510963
132748693
26557805
159101321
17299500
142794311
156298544
111606684
102681776
54822278
123375242
29847375
177937382
197546180
29201810
128555627
108480913
88013897
89334203
179775667
19496865
147906368
137589177
145491565
55283186
12027193
147753976
190507692
126204176
83661031
60037534
158539226
172337414
6024842
80811608
65422223
12076566
185521368
128527602
197090803
139699963
51587130
107647576
160487631
9984867
12609877
138177754
114013605
191185608
89382935
134604005
120609200
171625127
103344712
133805473
34925009
196854657
43489145
106829276
154769087
51379256
74519181
181645643
56959336
118959235
66086000
150418750
136089222
114217381
167510716
158080877
7850802
178841842
192026299
55176393
129770821
135558960
128833498
173992887
36368664
105113457
98292988
95878788
154196412
158352870
174158041
128540379
10291955
150840713
75928869
174942120
104405497
12749418
70966398
121209710
128911483
157651537
167245253
171632681
164124280
23937779
160240224
33275407
147594586
48284330
38194657
69235495
147418321
74070279
178139432
110356938
28547817
67101972
61924867
26250071
126579985
34143216
61622058
6575888
140965708
185276829
134249199
6859975
21617602
21618396
171093778
146291236
169811637
30271888
1455990
99792477
115956479
34930260
29941162
41606996
48908381
34056929
4833399
9230423
155987214
111566202
142186055
141175266
74133801
126833864
87811943
163377551
119828340
73748794
143337854
118672293
51952475
100135466
16687977
12679316
175802207
7786422
126267790
133206553
107424558
166341060
161091977
56230218
75838918
157389892
187397663
139026005
162658670
108154266
113475457
169726732
20882655
100708606
58477060
46713287
46717792
132378742
88201033
102771231
108163942
69386726
35226391
51482114
79978283
177547893
76347692
157957539
60802236
141475819
24092266
157214333
116869796
193178166
63503813
72452433
87790802
31053848
19336962
162243071
30400202
116956217
16414014
199774294
199770000
193510184
154175439
119865369
15796088
16624657
79381667
186923403
186925167
114644933
95126682
40294968
149004042
162875823
30826086
156593781
133253822
71706175
146700205
130503188
130504190
19439667
129079566
132780473
132433422
53247626
188974124
21218056
69519475
92739961
139112358
17057835
99013406
132670912
25717821
59726351
184619269
131712909
155262073
155266482
191622981
131397187
32769036
21175537
105657984
172835487
31830568
16295542
46721149
132722853
106194781
111310238
131572237
147772586
181997360
53767785
72128541
120850920
120856106
128223501
115783369
114959242
135768368
79992418
19454916
100552431
131041647
109088989
142471253
175286965
4560293
134953845
44326009
63610883
196697547
155066619
138930650
4941236
165812841
111854396
191107830
167724512
119355804
134974679
85518834
191010220
153570267
18117943
160696647
141916227
145096589
52632601
52639343
60170311
136202778
85763676
179934190
60997949
137731293
138439650
82337058
187159650
24153347
32889438
151454483
171002525
94690146
191891246
51320700
96898067
127681031
59068454
23892106
158825667
74364467
9117639
163909067
45721205
45729997
34693652
125892567
119588733
34461749
128412770
128413032
36390658
64897125
166731976
132287918
160912025
108912741
92802157
153961759
134278817
152051019
110048808
10734177
99868468
129065587
162406056
15459277
130525958
149962505
142877251
135898757
100215477
123377528
182090294
163806252
105062315
132655619
179985364
38563554
168442207
105993137
180604737
92542623
103266888
48285684
39896898
37423445
37421769
72143716
72147705
125421745
20979194
50819278
57001608
63977186
152892566
103638096
168523735
109167857
28549600
188036013
33309139
129923403
121189338
100376519
161968256
76898694
53029919
110302172
94983824
93903923
161675354
142421403
86147879
52286658
132812256
132817411
164012123
161965608
130061078
138036807
29975659
31999640
156922739
156929511
155781158
110849542
37423092
63066434
141187451
141188633
181644469
186890345
98895242
191452614
74419020
156235898
70915370
62946772
162993153
150714268
80884330
157168450
134857990
191459620
88322250
170081645
125618089
105115391
63135193
52711006
181978739
181972126
108149637
22038002
173247134
125999563
172548685
151007163
32803929
132598540
175345940
189062996
147373086
147375684
148421964
65044197
150038438
183838328
27788008
153053371
128336980
10246981
138356042
191615207
55853244
149804647
120221127
172720730
197000382
55856069
67619404
27728750
91405638
114030318
133054596
167025267
133055993
108703641
104124830
94736497
104129620
50081278
106017454
24161502
20933019
63056123
121180683
137451757
119048581
88369866
86658727
182013110
171363752
65392720
61859735
98619500
58622595
67775143
133876485
125010707
123359048
183540062
7284393
74073311
112858457
147418225
172676437
99740543
31727528
134327087
125161547
195422203
84668540
116615014
94737556
167024304
123393212
184007859
135902007
164471967
112582102
136992635
40793626
74685068
32824074
156913530
31219118
62734487
189540931
69565908
130189332
137813416
20802515
16639389
181853770
108918414
97609327
58193222
77200685
52634515
147924510
68409366
131138814
20330532
117321336
166559246
148632127
189751524
114264843
176423216
33565057
82006325
153253638
109144424
56397009
105962190
194169011
125627990
47625819
80028216
158174907
48719397
180780122
196138302
150790612
73713021
32708641
46073924
183135199
136941156
131656620
143501272
181399300
168981065
116931596
116281044
122140839
122143813
44409013
115592229
37450380
148884759
19458091
75657651
147217231
79389997
463423
197935213
183262028
48364764
199399130
125299090
75270959
194194332
195716022
155532462
15167011
147639748
151960735
168060451
154238130
179915841
70709955
43973607
41860573
155079892
100765479
19564892
190610193
117893140
117890690
82592941
93976799
116013313
116014079
116018075
159704613
178392253
108560562
78514450
128898501
81958175
147885816
195914302
77162438
144987006
160304031
81540678
99166002
73023962
74484960
156001720
96678388
80725840
80726808
136911585
145425576
109146375
15485792
175943740
189470226
189472945
151058503
166544756
109039213
58196587
168346372
58191966
130904605
199718887
180200637
180207253
162960544
162962263
158685350
38099923
70466060
46196433
78997755
142625389
30823305
157817245
32319201
119805625
173425129
162877489
182470000
80560203
40181508
44569823
110196756
177552072
40451875
138184450
193315447
196494219
193316429
91008574
172381414
48344626
63488898
80057745
15163235
79497067
138505395
102812781
99963208
159853978
80614829
80982073
178340612
61127918
44317499
108640328
91120476
134501121
158349055
162684883
135062936
39027811
111462618
46201256
119513048
133653735
193484914
110641152
113712704
141797577
857286
134933202
18111667
172331582
176439484
153567285
140387052
102181627
78620661
152802341
132456117
130183930
171991420
176419628
180262325
87194495
181574548
30298875
158115056
179775774
12683338
166740760
158089059
130349461
92225059
151143887
35943580
96723846
161745783
143632092
155346375
134341496
121122697
162301894
119088824
152304247
158637811
82287175
156930568
80715026
189798122
140798241
20101621
66000760
2362494
138954533
28975076
28977988
25669949
189511414
135309576
93637612
83717533
128338192
172924590
120224135
106705098
88325755
111964162
150448715
136635666
154696107
149329012
191266151
7950921
191189711
137644677
90576879
114674605
56954936
183946990
187177375
30138266
135551704
177460465
55175970
117371656
188456005
173416612
173417049
31376256
120014800
27724323
118188787
122375712
102480569
103160725
36612694
8616096
133381004
31772173
158272847
172485605
113650622
190119049
109793249
97010372
143366664
128143243
189552303
95489276
146526495
198336863
60658730
158006424
144868666
74625138
74621151
161720041
97111213
143843026
150852906
154628239
3906118
159240552
159240642
159241237
27573570
134031891
134032779
40641429
176289375
65351717
143545391
123904229
82507255
60478393
79663358
157321607
169686793
177844617
180677854
183499032
41053618
130067142
35614137
191591082
197204034
179620772
55739030
15863975
156799010
198968361
68292202
166742378
116282332
156921366
88722518
156929364
146691289
73180057
124878896
60018276
8640673
165859415
165852666
137804550
65361127
173394077
135160615
178342405
161025031
176882471
42106079
85418409
45175671
156937473
121121621
121123851
63229410
188662891
73068425
65174343
116359450
125531213
161288383
159408897
24721700
30824115
123272332
44566287
41360824
67871563
95048857
132118999
160229451
58249794
87545558
78157870
11211927
185720604
48342932
110195765
140296324
193560507
97816030
105658523
176275805
32765053
137322073
137322963
185098
144937977
179101
165002474
194161867
61220688
125006082
19965358
109145496
151904458
54565567
146900719
176890005
122140973
30340236
129917265
173810865
82338260
127626590
134774745
69067226
147922605
150283919
193644238
142575196
118875218
114592260
150854431
40713742
154195632
112849435
61626846
129536987
190094142
157635425
157638287
101663984
178699238
100373980
132985430
143204156
186243950
50797495
53023413
122335381
167079187
130496894
86221454
109624944
136036776
125292580
76677348
146478548
147636631
137871376
177247939
169276953
122314254
50866653
142224067
186398199
74791566
132050511
189517702
169569142
187319647
89380160
11161446
93648179
101791376
157810006
71042267
117384762
84831586
46193842
141042587
101504321
142228011
80996254
161132745
82823787
160220518
134343668
134349613
148582730
41011499
193656170
124584663
63527540
133702444
162609059
143083954
157262393
56113727
158994251
23489273
114618322
48834818
170440794
39260901
119267832
186337523
130300936
176806865
86353854
132755974
69786305
117500566
164940806
178887056
97656628
19060331
136574935
148678731
124745703
131798496
166114907
192694408
62192186
181236737
138444851
27693086
34971109
164054347
116911799
56927340
146671141
170894086
100755989
131539223
174355273
47788845
23088672
117249082
157672541
190211235
183954886
97286603
154184666
156065506
99533982
26729549
10452571
129224294
171297528
126004738
45963333
36667626
110522807
148506564
106165624
184469887
39906654
149289557
46788320
180813320
180816709
30374617
1569622
154692614
59437641
65372793
118966062
191263228
101626576
80988485
90010928
99245121
145329484
63229255
189243746
126617024
73068976
162302994
71910759
73649475
186336111
153886527
127247421
154430726
117380658
115981218
44574093
182515953
29428442
183516601
48128257
89388448
65135570
150442688
74840081
29542557
150032980
135305977
93634158
173150225
92012965
64202970
173574963
108820955
79490883
28737110
178004272
178006606
168132257
98399634
109529228
13864273
158157148
113891874
21799775
104321958
80886478
100570343
192689902
157117859
59445208
121607831
145152862
81242061
153754062
91915201
96805860
199494567
108748466
138959175
32477957
64877258
130205761
109935831
198538648
56686559
98415475
133111851
125944722
144929510
96798403
199372019
137282388
47047734
130684342
197455234
40672710
40673209
166510147
198121428
118375132
164498040
142864842
107660249
134263601
23106653
23101540
100397019
25358077
93326926
117914543
165588890
37730707
133143422
109420798
149680130
26624887
15108885
13756271
171290854
51872811
179750263
101497301
79219499
126857261
119674956
23173320
103675295
15137676
154181187
35976348
106265988
78729854
134118480
79256565
142248003
45744904
173301997
86944278
192140239
45944665
158302508
168017222
73848643
169553918
41243049
140073956
16258946
189135179
95168799
179870044
35735477
184967548
183202961
60272567
34527797
114125783
196326751
196569261
73135601
120712801
57446517
102221530
118801537
141218571
119594029
21461696
10556116
123618081
62026378
56302312
142454237
99619295
99619573
145551367
111653640
183686679
44617417
189964233
198870133
28477184
149954824
149058971
4055218
26632666
60769684
95704546
58028530
2396666
186026077
188679542
160133533
5057349
95602100
103369065
74906507
35213608
80916303
160904365
32262653
73045150
108396394
70831106
130116839
71007248
137875759
157268581
173678339
91919759
96118695
117159001
120475517
99242519
186552364
131102268
136467623
147588682
23268611
183821007
183823985
113890862
150034622
189519911
104199731
114531050
171150152
192670654
143637293
150343315
145350902
116140896
168133415
168136558
81248267
138574062
36165317
76615740
95684253
103907186
171194692
150950182
70461947
91513888
182473727
142684029
50337859
184570939
65371092
27477885
146755077
146756472
146758365
156707103
3620127
76254930
166724965
29465507
148648569
173680097
78454798
22954385
121720559
171214297
154186058
154181423
152915287
129225893
135367587
196802237
78022274
117245864
125675640
97566359
133136479
78026445
154776725
105255706
194270621
194272286
174280894
165683508
21339609
183955687
153686488
32426673
194075786
121585100
92637702
136579629
158490838
95884797
54622649
197223466
145575307
192777192
14784539
119888135
95165419
19756830
166004992
98844474
113240827
125021905
198568687
138556814
74538801
128993659
174230304
133113305
82845050
127170913
192333694
194504098
66353820
143192815
149487673
95318746
164921471
196326781
159230080
62804729
50381700
159238033
159239448
177914725
139675433
138534471
45944620
169553236
11384285
108302835
108304628
108307423
41244520
67885264
109191443
60420001
97772093
133585804
115659803
91485885
93887731
26624604
11022108
195038744
124033982
157546709
126084276
120310960
127747088
132085871
186103689
88578970
71382417
68104854
177891860
187868281
8875193
10767659
52257413
176801318
72949675
138733921
187610193
73580918
77464268
132665982
177677692
102754294
47240609
31555031
99846404
94851814
25568841
148678626
62194015
124160244
174514215
174516500
45051655
63410288
68627444
185230273
119217175
119831614
126892306
119376547
119370876
103416537
17910643
44262288
105296588
50318947
127742981
120482552
147658447
150777327
158854054
194635537
184725623
78412052
121578430
93028000
85985630
29081153
150874920
111626162
136811297
195139767
53854645
193389125
195277455
20189471
186678481
189437816
197638801
104883122
103197850
162837298
127433523
96336942
72395298
28440875
189288095
23520279
122536067
61664574
70268908
45582399
120975663
147606054
164880191
164881593
133068025
51151031
55907053
159777681
82754163
141882063
145910723
158481388
101592517
199683705
199374839
154618075
178013832
115523253
115525471
195401685
133785872
18866237
85914810
50035190
50035519
118001227
158296513
29368971
152940704
165824012
99972960
129437835
133114192
65974581
72178376
136223958
197992662
42857349
126660948
60578892
11273964
41054084
123241893
45039791
93810663
10536409
83713614
177503142
109981637
189076556
193107919
199119265
69844665
199110764
74418041
183667155
125470663
73320792
122495961
40237579
100529085
191846846
135268749
49581420
153406874
61286485
133797165
158498273
117011256
179067770
169676876
91352588
121381814
127760392
138389080
77103707
55904441
164883681
165532367
89885625
136228190
1426554
166618643
185722810
189972883
143081776
81893893
81896818
164928743
128231081
24999279
94371956
196331184
161272348
144540956
31277021
106094141
130884748
26274903
26275472
65966083
151713618
65962289
157870790
157871747
106746450
188216524
197188005
157961775
147432870
92283890
68657923
53383003
183208577
118809071
56045265
49049937
189029135
112336901
22501088
45946524
78982014
145265147
104570293
104574511
83251868
158318129
122282095
17210876
188541384
155017631
197823689
34132884
516189
80583087
157874742
172167647
155396767
130788964
120682835
129805675
94620750
192089421
171058950
169455186
30430249
82152009
99480766
188214378
131817510
140289905
19876145
45543350
45544790
186717817
173608008
125528292
11185367
175406983
139731598
187681943
91692889
149388289
833034
81748322
153932060
119680851
98161416
198272839
145768380
7684474
102280401
106864228
24246484
122975970
123248785
95849304
89290678
146698402
195776608
96348585
154140983
46326796
105348297
53520721
96417814
42105598
144868095
155235136
128111114
163862827
158570902
38551523
172687335
74308722
111522076
137183527
24654640
193521283
109163951
13242022
13242750
196843351
74929543
137220834
131242242
83036053
155246050
135163035
133605316
133608691
125476421
125476704
151747018
161781037
49099779
114665499
115654113
156542120
167529064
187506810
190745363
174822877
142240205
168554525
128321285
34278619
75667129
152062458
50801501
157678080
98673558
34274508
52593181
30494038
153899701
99634163
120488460
160232481
58993097
16785274
35683982
151847738
85064152
85774579
176876421
119834242
61280167
121287199
98542627
25730418
89886621
91358179
143320470
89882441
52420769
3711520
165488451
49383456
189692728
98887878
28960734
8335014
144563387
103368731
124396028
133504776
32873376
164082913
81897445
169559266
50379533
112178489
45945293
142329051
35702412
154601441
88469747
112173979
35504223
179469447
118270917
11786804
196565564
94377844
74908683
122158003
10555886
95703668
182070447
182071235
167980025
161270192
161271513
150988064
163025501
161276740
51167374
120148762
81204954
70721032
70724688
172455053
26638954
149155251
106719066
113038932
174898661
136221353
109400198
29380973
108243004
152947934
175452492
175459015
165534409
64694455
98827544
107161698
36196742
145363238
9373448
196723588
145910476
157736454
20167572
165531250
29389884
136572054
49010425
71067357
122497896
186203013
44904010
43504584
92156034
153072985
86127716
115019346
121282380
194073425
191844542
107099943
170321972
82215368
175514342
35370785
91952953
99537039
5436522
152653722
96437733
80795310
29131967
189843205
199102123
78456975
143659944
116582848
170768908
106771606
156061570
84266517
161873115
161877907
75666445
108296811
64516258
97137125
173893104
183956930
48791484
174989523
23082376
39573077
192448252
131531927
64499665
100772002
44262933
4597960
187362112
72605709
72606072
20411664
130884687
141524433
65960365
174706257
18827259
147955359
141060317
156545749
156548142
68458125
196760489
78729428
78979995
118996767
140480684
79256492
178587009
98338077
53005994
53007071
118947832
7827089
14211346
66740079
27120939
159084742
187896718
182690960
62308463
124949347
159620677
145510206
13695111
50061022
176818884
86026652
37534159
183549818
184351300
170929646
165737619
38778548
986656
105888775
116799377
143153349
188677487
16576133
132473387
61553334
137055000
94855763
81455302
49854031
188546262
171069541
87521773
50941021
50780164
56798106
13900884
187862571
11789447
162626795
67135708
163128406
163677211
34133090
35968488
80495635
33389116
130784016
129309187
43499450
166517116
180828180
104319968
80797975
122222703
159291563
21745321
2779114
162121903
162048529
32570905
176704799
151461456
151466688
13299480
49319654
175407603
13294308
189835462
81744261
146762143
3367458
94445577
159948039
120965324
127734980
127730462
150297203
150298295
84102390
26182038
185829778
74239548
47064083
46264002
122199214
65194796
85734827
190604904
65198536
113441663
13602089
168490480
112431070
156804093
56660057
130173809
137654563
181458645
108989455
93163554
93165014
172166987
62714032
24306617
150687951
129806730
187363189
171921832
108473569
30437492
139742805
139740477
153934801
119680816
14639897
186934406
84775737
13293258
161510061
49312629
49319694
51402255
7461046
196943599
196948497
149237854
55800579
187685844
114202561
194448817
87226065
109151648
83383520
83388908
59947829
118446174
100939817
199874565
102521422
113639892
42336537
44059085
174501910
169574134
74996129
99129526
108895623
50029998
138408427
184825381
55332098
165633438
100501183
128006072
34530621
129498315
10434011
104278526
123413116
165527134
72086926
113148959
149427512
149428789
155912034
59085074
187687416
127735286
80980390
141436165
169776596
95365549
199648542
184271689
127280931
50569567
104324109
129923986
183057952
198995111
165616461
39508912
139583241
137570688
166013271
93530182
169936526
44571174
162990767
134380166
183706236
86120877
144590158
144594096
95025944
194502869
197183823
79181345
92280421
166001029
124862278
32745672
100775735
176254813
78029249
110520772
77842301
93073017
184820696
142271625
141500062
141506769
175896772
175891587
145864641
198604914
186311542
183857982
87450340
143791647
87227605
60554281
120914122
83388165
193210682
161609661
105103386
107733403
87977463
82037608
70120012
26151153
131148863
70300418
120893396
91364278
18907133
132327473
190065664
128931734
45485468
50700159
50707489
87634778
125889691
191905895
172448226
99502100
45489961
80151488
98529636
161778225
57216740
146850267
12248193
13785942
192639985
170738973
103372213
20299631
99461916
99003216
32485359
45954455
90534096
40067048
149480510
139167228
110805322
156284683
134662993
134669991
145582707
169641385
115289755
91613197
160347791
132414502
125125106
125129058
177320098
191445733
86583067
131293547
109635229
150290073
59481967
81420167
187970445
120966907
51655078
185825094
51922518
143524802
16712958
80227586
59083137
151461274
45646699
16870983
186939632
124141110
165632593
86571782
44940207
109386806
157148525
20363504
180668610
50020014
159208268
42222469
75099849
190345321
134586862
70398378
66797372
18464627
186145370
12632069
21208840
130251257
130254950
60668733
151272545
191630309
103383170
145141766
86527763
184490132
197867780
42336793
109555947
131056562
106656350
135428728
120689805
173335857
93166715
188938817
35968958
170186734
81736853
114909242
112033107
165097845
123414288
111791467
189260181
83284922
28723253
15967820
99195450
45488228
50703085
50703135
15107856
23170084
18063752
150017472
111147545
180370587
98963241
191139731
106629324
186584666
33387012
19878342
131819286
147282477
46773638
173972896
80862918
170182315
130251251
119718140
108985110
84702414
134597639
97806324
53605826
153325651
197784724
4008521
99005515
32486648
25560971
32745933
180313203
175402714
91699856
81740684
74891790
198485338
124432989
22421596
164215321
168307783
87632614
146933998
158068555
166468027
86575043
199801402
189233854
109157391
105107620
161934916
107739331
104281796
65744642
159464901
50708833
77389241
31088056
31088420
94214130
119521094
98208575
124148904
142398488
134188832
3402981
170262412
162769756
156148302
31617948
123252463
14995113
194119193
153447295
8212619
38033713
188874653
21127155
156806186
190149099
163027964
57353376
110087424
99121146
79035358
81385833
110424136
9170152
80263400
72323644
76184012
15555983
117637115
188213192
181675716
169142247
166309230
177886233
31387666
169209445
89221936
198093819
49876514
153934933
153937004
94377690
134699988
170705858
136953855
62808218
183682447
95314103
136928136
123665557
120034640
140480580
7829652
53006852
172698424
194642024
31644525
21909076
197189680
98848077
29405630
29407311
159733332
91507474
145705100
49387114
56296213
180132041
102206519
149157399
188648099
188294987
78986591
145268117
120545243
185240304
47073987
106268749
70219058
127059079
164751925
28695820
88277669
14482964
14483894
515446
134591657
134879275
51627841
181618244
48202800
178046382
197869100
173044402
167017258
110916233
95378248
131058479
137868437
173538982
137437179
113637617
52274647
30612592
132032770
30613839
47726943
120527122
132329555
103282148
108184177
154392119
166697553
59944945
79037181
182336197
42226154
31754203
87288774
86092839
113743313
26656463
31085248
22983667
93121878
13030733
63965081
83318826
28721785
80042058
61309556
150693059
13081869
67920976
146856773
158060401
48989252
176713028
69795619
109362375
168309544
158068181
121130460
135436024
119961334
43309938
16087091
191607784
70881083
84313234
85629850
199409255
105090695
166530857
177117069
123565783
158670654
38427662
120950821
96139527
179760255
129147906
52564344
113620011
190929550
86530523
5707475
147064676
191901936
191906392
128937564
86109753
28671690
149869751
128865729
182828522
190064657
159460374
89207508
160164116
119963921
24887078
92551960
191604164
13088350
35597089
129141791
52562191
145012875
96284188
66194124
90633338
57075468
112914295
105091370
66699413
93857417
138914406
147069402
104143389
140087174
9958285
186316745
114968052
141391487
150805445
20362338
172037480
192404433
171051254
184493615
166973513
114205477
74237978
120913612
151101421
46265973
99364316
181535823
188222732
107878271
19776053
102590184
70391269
141390089
70123568
100300305
123259854
100199211
191320660
10433986
103375004
99324911
190861301
85466979
77389497
191808231
166469015
4192796
83310206
150730568
92553089
67926879
161770416
35592118
25823866
183463793
158061361
51852537
167300593
42645354
178164668
105096519
43691106
112463433
128780563
94094191