3229023
328116894
355657221
343964351
152598947
169036944
34448143
71134386
16393870
109893776
736418544
130864896
108411333
1786734
179035598
50799083
48231541
16826744
258816859
305580459
14012327
37359747
187854572
131634685
264818529
247757181
113885874
657434704
7071935
164888
147869559
274234600
49903773
14741761
7355442
471225727
441839659
61397781
15735090
27250591
31901223
388252818
187094845
325585235
481049
50634871
44244551
147171402
105892263
30305360
12937170
120969108
30196899
2665062
9333887
148070468
11173485
49938
17457101
240163858
8369854
232510782
368502063
225710924
138532907
185370683
181761479
294025242
46563
513540384
52593577
225341109
302715242
200759926
60340620
55546438
265090145
228106430
164595323
354164304
75539877
131551126
432993520
170611654
68583744
18925796
77401825
234014342
80186396
10858372
141367205
15461218
98418005
26319922
3450295
32649177
99273303
289869656
141786446
141505198
190439459
443032448
40913180
184026183
188741234
285183713
93127878
320674058
272795302
22300942
41943215
143988525
45483709
52946692
470093413
319840566
24067558
121446552
202119804
70826019
470974031
318418463
4758988
561164
172836997
455103531
252566615
510876331
55691822
132344062
336267618
155460878
301457742
111062118
138179004
111139462
193783743
61502714
164542453
75245725
266092941
21835561
14635164
96085915
183843
99352419
144150711
24356014
11226275
11813851
23752782
21542050
337907658
53036850
5016677
20389073
368514431
55622472
125448239
11766434
282262170
4130737
7441839
152508399
198106678
393651332
87520914
3902317
327201646
53552059
137905736
19168514
385102259
102239966
260785543
3180978
95809499
169508638
5244649
188331697
23825744
57478561
657126180
141521617
281170132
329655896
451052205
189938359
23313038
160135142
191356126
18422102
52354713
66530831
45268940
534693348
413528766
177644654
137194660
144953066
94973261
5415051
101484207
90833122
186429152
592833506
337923534
373569340
847383179
1025166194
849610334
487253957
297760323
75363545
175061845
235480196
605155730
328949466
16850902
434387713
44718147
283661022
14608856
46497752
170176850
201358517
246250397
862957
21094870
334755943
59470965
119761517
99339566
114557047
111826141
246224334
71790756
10347608
2008658
15131742
90700237
24803631
23187534
15581448
23443222
482847232
169464639
18753480
46792499
170097275
216522933
59562602
558644
55134915
4048700
137551706
19827804
75078172
400168803
29044685
3549404
65099600
11820011
107661619
295262268
16188722
26780304
53170833
3770612
154477414
80111922
57472137
171233586
64093150
1502236
292342058
75160624
408973258
248550207
8075416
443379294
95752123
30768449
126370115
1372728
155531399
309398999
137523551
258020110
213602719
219160985
201596925
10579212
35205366
129831943
6397353
561121452
4523994
6957929
42847179
174701114
401116439
75429254
19748856
200437484
475747241
190607835
419614689
6274993
883192
37721774
245699179
788969982
154134153
281102321
192513031
156053137
451178023
303551667
2037952
1450989
251250861
213458998
76377319
138204846
8528299
269498586
208127363
159393295
22833844
1053484
11318306
140377328
34211293
120640284
228725006
72927838
562247606
17417288
420256125
20668793
27455270
63720443
32352206
141072591
201385590
140124286
1887354
7545236
108297267
39116120
207527047
236565153
29024827
49823546
18567599
134435764
9356401
214503110
2196210
7331804
272550392
990724
380447
147128065
43951105
267680446
213829386
152166442
250882846
325782603
22712515
87952393
155514679
73833241
240409519
80967242
749799009
3090570
54592884
169622
20075044
1312691
78978679
141117269
612395
15960136
101047761
808991465
64255980
491639485
190607605
7582465
8507173
441843141
174128164
228843381
561630959
97826252
31035452
285359
148959900
96355628
241817235
301456955
232561171
52024500
145254279
17737233
51517595
60142153
116447376
13011627
49568450
96662211
55818657
4889434
302287339
40077047
3004056
34609432
48863338
488978944
157181
198015285
91523961
168509222
98666828
182681919
8825942
219830704
377107209
91781518
87855009
126004236
166753511
239252572
508854290
177930577
1763260
1713633
31155896
231193720
314885209
154568132
13167017
103631919
352993510
43456484
30697276
2803789
190120962
16390911
147708013
331418692
64897051
223765448
154699529
527928858
125576710
91406993
34661538
13890805
78312928
359305810
13033771
33642299
19404456
23377428
355338591
82692215
51178575
20395121
320779493
560780195
21146128
277800553
185773411
329434418
190985173
163034995
94793909
28843267
38032060
168014168
242871
8727642
42574531
132954028
5312813
791891042
40839282
82774944
163279772
133511058
299647648
104780830
80952369
7726503
28374238
282229178
151058546
261404486
308548401
203810590
8759413
182551540
303272472
111139462
220047683
37148524
195233602
530630834
65386140
177973279
9596438
13096516
10514272
7382769
17681085
98879065
224327063
118276035
135418677
419227527
707912870
8709248
32290572
19108550
51763781
1083390532
193285381
138057659
156061804
37935969
187791321
569862314
203928135
132227563
187762118
335442506
579507095
14328682
26932085
1256183
228226273
201276450
192627494
408089224
436800933
13362872
146383394
7573078
134952645
6211765
143308671
405308118
77523883
3783364
157232362
853454159
379638916
48564414
22736633
1058431318
32576663
519263563
35508631
352936973
88815342
443747549
68975898
267425725
488463483
139398167
270995479
57896495
27638236
132670
353430664
248634982
60557825
3375892
331524835
279463465
150408840
24886870
78978881
514720300
6223787
41872511
223788501
487632485
508316777
149436063
461274256
174902476
150828894
54561542
95665096
124562131
104226785
5016187
281594342
3134419
6520449
196668381
5296240
65875366
84953202
51144550
294785007
44957748
735324565
357899577
131713578
1324824
257479466
14347635
1322682
1435571
6056974
65407771
5538980
180205833
335366867
83348516
246842337
420494722
711904312
5347921
182330889
503154360
17045196
149031581
131780703
776361954
167020622
35972283
9769060
88774711
572254089
204560851
86033436
131633686
414778191
19672143
728247481
344692910
20468892
253127861
97760712
2780909
18102630
158950707
11402593
6527516
89842783
270410457
73605457
380810196
229989470
302314407
155455041
298765018
427955799
99241485
14443444
180664999
92613528
4247657
228969855
218568605
412010535
361692914
267813131
101016325
307940950
495522973
91908500
393369928
303307493
1082782875
264514445
22639211
401593950
256942783
12799220
178634090
17708217
22871503
259511552
182982347
301492752
35057485
9011564
327765754
738241941
533889188
348889549
70095568
108403936
375788
220835677
329116794
8719501
46740232
75986748
1323328
58048575
587576219
151787496
66853154
29529492
54210332
146613907
331531289
58947624
211280974
31767039
156577131
1022366695
274025907
423740036
37195143
20160632
27288158
16084546
242735193
8039108
5302655
205028124
15055534
57590134
59611639
567087993
360698695
28884080
17880341
271059211
4339555
282164002
152756236
76314174
5483543
25626851
219964083
150804785
855607270
1086648111
56921452
4531135
16949690
235373293
4619097
48867966
395802975
16322526
6090043
132707137
71263680
231700187
8691462
252087199
89489983
95558213
290973500
205532054
277588840
2554159
836270696
909028
181629452
191859384
840808624
5113981
69673582
13329888
160736213
98302943
17738156
12797668
184859027
354832964
285381482
54248097
43179493
10531098
246665617
190392174
56567555
175977430
425088248
376211781
286935951
18431835
241029873
711747056
242437355
106997316
91409664
90321825
484026845
42516258
42719373
142170669
281499756
137862161
354556385
25164738
131903298
11316842
202046250
88492436
293359
275136299
88401837
18342876
297807994
12754405
156607499
178011263
21809505
69522404
4682968
4221357
21824120
35917194
12015123
187564377
139968617
440886093
40874755
8734665
633046498
120079455
133409485
31616343
16323396
411691006
227248683
202664814
449790002
342868043
204884623
194539446
142756092
712604177
18728858
101740289
125891365
9027746
21527212
62315188
4342635
382081037
4128408
271154617
57673221
164129340
43626727
206041927
137747466
431252903
106673000
134825113
21660550
174834812
749889119
382195368
211147985
19326589
370498884
884021507
267177941
49885089
206014242
113185710
297467544
3921195
170719429
27058390
457665426
364857884
142123741
227884897
27914039
8099781
132476691
459982888
239290771
60301194
142788496
326530118
170949531
22517296
357027559
92650199
102338785
368938939
387854169
27289499
289060973
231670224
45729385
144638119
185280776
57841911
263855511
367585031
121120699
25257825
57566695
86629989
517684687
120661199
51039400
221731752
296231767
450088168
207880746
177432892
128613266
348189483
57474886
3199183
16510231
7470699
279514971
37176005
341796356
490680065
599443445
37056783
139735793
109599420
123295
349007177
541530034
241776597
431367754
3856262
5442985
169124431
151808641
99628009
29390975
330740011
57493537
138597125
8416001
18465438
504958225
205866889
316273564
245308631
304176912
144382811
147347716
150717852
195015743
183115792
65911528
75698915
1470768
306166414
63364396
54351104
66445282
55711139
284605301
15948225
288078333
7080326
19773008
81543752
431547498
102394850
24455992
44726076
426740509
71876918
60637807
302732486
72139091
155887708
3336589
174285646
225642100
3998708
36139892
1021445127
6653749
171157311
30239393
34802822
21593777
512454276
318381676
5442985
167198944
292388484
508204220
320225607
23729108
22546228
38949230
249733701
615360628
81044215
241779008
340434618
21811712
278597904
4556517
64618476
30440716
215639602
34473561
119725697
605414
335728788
22342010
35416233
23692913
139388762
56886949
862625882
48223482
144583068
35092582
55687195
68459896
319150699
241054135
556997383
12930855
102509032
89752831
251305399
653711097
159048406
142746764
209206962
152162442
540215139
33755246
25405110
574931
503851428
419884594
12071957
93694671
62174798
7822288
4884376
414318662
56753818
528804457
202373138
33784384
552813657
4475648
362524129
26046381
515510773
37691496
189210
15610596
163983304
90732780
447421252
451736263
268287514
36905892
20030275
137256081
562066787
77452651
123093092
4374909
171602221
62421842
18591284
238056392
334006071
11739699
4465375
50485417
506036
82610199
271817624
138477787
11099794
107192411
207704056
489237134
288686646
288658950
25967016
154583563
190949290
59830113
32420555
485093504
189163759
11005515
291706134
25284261
83324656
137589114
34021212
39933895
116119951
124721226
540829294
191429388
75966174
10102342
80208876
164143437
30893840
171312430
588936
30893927
703522
2916304
1448973
115589656
132060287
31115820
83437403
49028035
81910644
48206093
122532633
192038770
142077662
310352849
258062488
234033054
144844285
791600
16341912
889267
370630963
188791122
861309
534273055
35296948
23307203
172251045
120956295
86036186
116852034
161444690
415153670
20846002
454555727
3367517
93737663
57679
19773103
51955077
85861906
136068152
10952091
97835026
72312513
35971533
1581746
737359319
630073
170612422
178736933
273163069
155073951
185157681
280186981
5231323
17465944
25424105
6382174
15194247
29942380
337616790
23961686
1659555
29126674
218981347
122262792
178892028
337590447
189642888
357641327
31776684
159430571
5918596
63701133
76876146
133218588
91269362
294696963
192030891
349671399
362505306
4751467
280828650
1105938572
7140871
21264472
154259244
2578330
136524305
304461240
632387044
30721683
109599420
10422319
88163161
334409218
501963970
180418072
639914469
272504505
161982939
86983677
13947145
8753593
802987213
559978461
207273333
288783335
25692436
2624345
28879314
113621847
440356231
296830663
371914367
227822199
695540060
167530117
47215751
15033391
8803976
489820692
20757236
135665618
477616813
55607873
408237987
187841541
309398999
380286679
196176906
50499605
54803680
10611518
73662916
16725511
12221422
198300464
16547356
6029416
36451076
608989369
71630544
20219858
218933107
158771143
75825435
13430713
549232954
260037908
116094371
413680
20130378
32425546
36787237
489163475
292861076
14420287
382378351
9673590
196003319
161732990
111139462
346649202
320377229
372165424
41925046
142052951
11156318
528682
15387001
42681472
137091205
512646089
17965600
515962380
532387999
140802346
50097526
61002428
218208971
181583407
44022269
19277409
76203925
246905492
659620318
925755
15751386
584046487
445749987
82068974
289711145
159998548
22005673
86600610
145828453
44982794
45251161
429019023
156935756
678337684
791723666
818739644
234858288
25812123
5526219
4628545
50155396
29219109
26122146
209944540
144394556
516378412
15952805
445113562
8724461
64183730
41152494
135484905
15639176
250057965
171124550
21103385
55360024
107996942
67793481
223610240
5267593
505765238
10633045
38607060
13837414
146065483
249141428
203074354
243420769
14562041
185502987
493424150
35040600
70809366
37331371
480624969
248642830
41023183
474753951
2513771
175135018
146125021
88170182
20136125
532388305
209088970
26979486
23012005
322671291
10473119
232422133
211115975
21322366
231153299
23956282
35362437
116964641
230924712
141670993
282567995
7330880
46841940
4884972
132095314
871529444
622547745
177319275
37665399
18365821
399838593
182121433
99366308
535732501
59353670
209483238
79015172
43572193
250189111
32929824
443515258
636986109
145409610
199423287
719493085
42083599
775464
409661
673345
509316110
34855220
155299418
30456925
465428
78804419
68940423
48034655
52906076
348640962
1025271
2703939
337815233
434904242
1104520955
13395822
354571307
2070192
76667214
1074301
26155772
25808449
201418601
21091685
592027089
309017792
11101841
131886935
9478907
338130108
134279286
64635888
293730922
23722220
351630717
144231066
241572625
1434865
14902108
5434750
39943699
312564923
167189873
196582857
178078189
424667353
72614662
323920823
140538589
15027293
140796820
321542207
20283867
55787002
477417094
13381028
405165491
383651031
3876978
861839484
147488678
184869555
4710166
10487039
333936744
3874701
184955
21382234
6458427
113023446
258003330
494690769
268000138
62727193
243778225
760161
525560189
28677822
134714983
540761203
470008025
64535918
33647641
731353
2420968
458996145
132289139
6833440
158433451
537800425
7178012
483105321
1308892
3859236
499760030
11962184
167272976
162777756
172913404
83937112
241986507
89917745
366470179
88305033
113799632
110586708
9225292
226506857
153114107
36512411
251550017
1366619
137735796
37756933
43538600
14660123
4889434
220802912
112438602
57600227
804404572
5897759
174045878
25280873
18664804
312014201
235221023
198141995
80458481
159926790
255202393
30803486
121069409
82053974
376967122
81733566
95073434
97317954
52260070
3388899
7186391
301160833
166297099
3312124
84395301
47438776
202096970
273713609
40408914
6659186
115129552
211790619
192175632
306319
227404979
489987561
93232862
379423209
1565070
73808882
38164104
93631903
210916903
173082229
165113935
173305575
467801932
302814701
39113769
16240254
35048138
163048465
49742443
59960614
222319319
22809621
169336376
92124978
23810513
335722735
16714987
361297630
71422878
147111154
31117040
43230499
460725886
178094511
21755670
191230780
105841546
41774749
1152995
505547857
229492603
3542699
578691645
20163082
174032453
382978606
1031874
42034
10283639
1087416
334004507
80119825
622864
58006863
382935076
417854709
429123614
241089917
27594250
15983707
19174574
4457322
65101902
271005166
9641701
40355594
21380129
351468354
273234934
39088438
285898030
974195
10495046
837928330
40536764
210335657
167728032
516069448
299022216
329703070
254126
680819668
36560419
542304408
95631851
322237239
20169963
67799940
14289909
25793522
41433472
43207485
377169437
393319855
3931765
124104925
223690
447182775
44272272
36075875
9323453
12402988
10534836
842775
248866012
32292912
11554646
5054668
28551675
351434160
36176632
115197536
560144580
2479616
17283202
802332512
9498754
88768241
367306906
153037368
52387904
88525993
30744406
137303606
456245741
162707377
142189366
321669068
168097805
544639794
551989151
264786768
536046957
558629206
57687194
175681364
280055163
234437345
282076372
27435873
125552642
482463763
7369135
394165826
2078172
6677933
28346563
1209674
353417654
180741421
30561530
369718112
126236808
7656448
338846507
51974355
58648259
14303052
22752737
448380813
322489349
41801774
9156184
387200133
785168
169785449
98956633
178150775
37144232
133807919
148845043
20185309
367735904
16662387
227152488
30398040
14786197
107899033
624899437
479414087
73096381
312431658
517114278
331744431
287097112
422936131
725298
94475092
77070917
166867541
239009552
14655263
131691727
198056958
20674055
132849839
6416962
189201552
477548992
187349001
310906401
169543804
6426003
84369912
144364097
115144573
34658071
137013220
824480162
4413269
68945927
107651074
37898694
170974708
137690632
324208050
7935220
362822230
51074194
622555580
74732876
66574961
246320
208369227
98581909
25395557
5821827
150388884
209679253
437980845
71749273
240309195
7637883
74427559
737151165
196371866
234986983
133197717
154490692
158348283
17388212
753453882
6713697
8927685
68986822
314371619
245563794
311155086
191224402
50510323
83857089
133189876
777023200
23535836
279837154
5939298
28368826
309398999
380286679
45947249
718703
199846977
617381572
597758683
321009655
413482969
183048315
753911484
11644471
12190922
43796047
17621855
328717058
363044362
135122809
6074641
196445756
92767184
181589460
426731186
248989377
300024610
190606639
39418570
103591721
73022998
42254370
133538220
34267439
17687099
353938158
47149150
68161839
215163707
53742663
12173672
317849019
115275861
134644861
4740642
807033
167909924
1023343416
3510051
17014266
374603493
6752095
80670867
33968852
346763101
187620548
482479111
137753632
95921953
89494694
146785288
223793173
309158329
3913751
295348446
1942763
33310962
480375897
190885248
566840344
257376325
413691261
98738225
365833550
19473705
149755
556462817
120708416
181083753
288237027
41235991
133509410
446159982
264319248
50410424
97780272
55103
878649779
15765517
17016038
807356
50420456
1518746
35498875
20665399
56766619
3810669
28876084
92233241
50007246
50292824
287507534
442245576
3485650
336052269
429858114
22444384
16039877
121118099
524728883
59170297
479332678
556671873
267756490
364275399
3259415
9761863
159835472
53721269
59243908
123537325
73716273
881056144
196202032
28655517
65303819
18444553
7541749
189097897
462308439
241776597
395727213
1919749
549333662
92132955
140847690
594943812
138176495
58817815
59284610
51666385
55102011
31873957
12986838
64153640
96720772
8409936
33579548
51810721
189778775
51753015
404806890
150939275
435740833
59177677
55940889
28369757
378158142
2543954
170788
158456760
396435085
99467160
92652054
12471040
458374310
2923788
50434029
177687784
352930084
19874621
6231738
484070857
10160966
285487249
118531967
9645579
186467710
301972
295042000
1276232
336937913
745305437
136034404
8560561
21306321
9262597
1843465
39219944
11202947
65686643
5223483
69234152
164843322
52950547
10729733
434295468
72747871
207312
59328832
1622246
24736696
6716967
3701737
64770675
16529535
111139462
118580701
308206765
397197083
330047940
103203200
101448332
27177264
40507735
187335427
224788205
416684984
549685
104886739
26010695
170205944
19478656
55569261
58417128
236086402
32910219
178773052
90016507
143374316
158864171
1079956929
15754809
190945620
44355053
175210212
758398
56617489
2520138
341598080
64936819
273731449
372006298
91470879
206169207
579920047
332626699
159835450
406982684
8530586
54620859
46413335
154306776
14239238
618807633
79316239
42505719
341535717
12873332
155380576
20515078
486807928
13312744
67665449
374476649
57767871
7837121
14626097
190788908
4259778
41495
729846
12068035
150641783
189035498
68032748
38051290
55044008
134647364
425865854
65058744
66678315
552540067
332462097
473750430
171096837
608001428
42700919
765593
183896357
91933853
389096214
138520543
338683401
44298675
187468993
153439261
11751354
195466059
60183142
161717246
3669332
178152361
338902456
69402904
8316370
328980055
71927846
286018041
525848424
223411092
2536354
220500719
16784344
16475927
344563753
204032293
364487934
96192925
83896727
88207391
65267159
231327108
185185140
8816231
38106513
184625847
450292310
29698003
728294
370818195
41285478
294263531
34079148
68782355
4825928
309244143
136596503
1645504
10655826
525748410
19863264
367730042
73001034
56570024
207985939
190671698
5746239
28596873
418933067
153569059
153609090
17063803
167281332
54783835
275418916
43464445
266335368
103876725
138173529
11005860
26583396
227852975
385159185
662387130
39877035
34574741
37393577
160392863
6709366
8182768
133163240
163664792
264238810
22465
1107905955
112477
34695929
60259861
16968946
370146962
12171683
17246286
239142102
342876627
64864353
514554474
57703912
19461941
70067432
499213954
180712907
338083585
33079156
712213083
249528281
262243013
6511982
11508499
5953614
80026253
739207504
81390962
79487664
92028185
831805
47291414
2415833
6730242
301159322
96360163
10175531
5539074
29251245
94924452
48774539
10130896
277781700
4569793
1245315
54978564
17573089
269297597
274502749
7523154
40325982
23396033
98273110
1123757
5697549
543767
338359964
7466281
419557116
80724588
295440551
18065429
548380774
13129704
8298783
138590579
34233860
161356187
322426649
28665555
557407
12685241
379388459
105687089
447923947
1865702
247901258
202033458
23856748
440160949
21338758
77763755
34806866
298531939
254245593
107501840
59565081
152267369
345093193
245994049
211031876
131766936
433877255
37188871
62034624
33256516
138248934
187200563
139360406
347603808
26436651
1027294
33721981
529340412
191700605
33954669
322590015
41893106
3113466
175229352
439809432
5769802
7816087
233879633
8439255
22387841
514521982
71546539
2079704
13792536
268042665
74033706
6311145
127970413
443636650
231699239
45922256
202009062
67466743
17651983
233311917
325993
248760403
154377757
6233326
88909218
101587005
74942450
101930724
55138516
28113395
523700538
6009459
63683043
30437723
61553415
194851083
11386206
1036945747
13724090
755686568
827502510
65483843
1484468
9309904
181069437
369779802
51008774
58473656
284660
6315075
52775403
52942234
67855499
23450437
22558363
113918417
2478962
3137777
99794560
473908363
316799007
2225201
52191191
136530096
37469929
95481885
4123232
308485686
164500260
547257902
29418782
905218
16006837
19717681
276721652
53918095
308033555
34848533
26542034
188751070
53749467
541737354
609301708
57631189
693867
274555417
44220107
324102805
17656280
85632527
92795484
4624827
1111560059
396354940
19800242
130713260
140862232
309475446
26024940
73380067
866055054
420923862
579937738
496044188
113386356
23450422
347767683
22494410
361513977
365421778
274939726
177884195
315168198
344137710
22813099
103776638
9550802
351553695
142266315
185040109
116992170
148158249
173147011
150798894
300732183
635689777
34796858
23303715
68836956
230840748
182022186
89355292
89438373
221190265
303897920
21407410
12916259
5690569
33289892
62044927
276445565
318856344
4050563
17617986
191710965
45150788
533202
283051671
255751375
24181192
344758537
23670069
518706510
145258891
29255416
64561072
94718079
62027645
305472372
86638643
8401351
93391597
134054902
108680572
73778449
131040196
43666186
17394854
157723757
136881171
11045024
7635292
252401961
98010724
2328279
462762154
20030557
351794600
322179348
18427270
352667901
103514209
387771488
271884428
221549786
45505474
308554896
877843101
242219352
16292311
51938414
275088829
393898929
78995566
201503944
409845724
41482184
1747181
43095419
178609272
447169170
15343786
212077805
51675888
140289630
251489096
178643505
17102352
548520187
495373027
3296160
190735988
45445672
447666
7121301
48546216
96405682
241195370
49923882
532696777
292781558
446908790
3897635
65081167
410394390
474885540
65199913
170958896
884151641
37908281
158885488
248244928
215058882
223467
137354541
72641758
59662370
64053086
160001022
60843726
80461440
416988183
74283686
202566348
513589616
115455599
423206024
64402762
18910292
293766766
33471181
49928600
111139462
358404591
71834190
135426006
228951643
24221620
141906811
133992163
84890746
24046768
161352192
438508
135237197
156759249
19025738
372099183
782074910
8525399
276693705
11915898
350761757
40401070
13390646
447526408
50267745
170832632
468564066
267692870
19692461
869805795
141150354
20240334
5935484
532122172
22313129
171680222
196220752
448604698
6577648
213501144
44197760
66552767
108285619
90072082
328105572
209576688
91338777
58720653
28909237
390053477
1631952
32004030
373259669
36521451
34668117
368989196
217502491
17909795
80123267
1012189
252275728
1485547
65860843
457915212
52257675
144525039
380464645
156702080
144229906
98140000
68669543
152291615
192303739
147021972
17540648
167757932
9431634
25392576
44323322
292057453
136562358
135584294
310644732
40004846
236151759
39355311
139220648
150761312
473905785
21281780
156569255
326037896
64014005
6416285
10283080
221093645
554927928
637903190
63163177
10265539
46413297
198779556
3913363
133901206
171431654
750459100
47797725
132507129
117499470
1074498992
7258679
29646682
31253506
7829866
86280964
132076773
6051976
2572551
3021170
194444100
9079917
4562586
183762769
23262839
3632059
76639062
424582322
191468588
202682540
255904448
13269094
497295824
22417385
243248940
5495251
241528718
1081814071
15891652
892341754
496196340
8746891
28188625
54109970
336833795
169366936
206211061
308596159
6723198
174515011
51098163
55364112
6360899
18477003
44599254
54524641
178299698
165429906
341250406
220623961
10908740
155153940
68872414
18384099
51233285
63218291
211155033
4566287
4004487
105334301
85941787
181856639
143387766
178724283
3765153
170031085
223331698
12499992
97956625
228502431
17113086
95563671
96297018
30029007
274732974
11197575
1149607
146066016
70978892
20761116
5242559
141979603
38362410
146591847
11268215
191972714
200202031
178379041
155090494
79809148
104052466
292549765
18202253
392032989
271095583
50043978
182265667
53357509
147277190
5635099
56342988
37223421
9581252
346680353
1575924
260518152
81314244
25448222
291309635
127450868
34479293
98671794
22695992
171392562
288292962
796579586
10451886
447235651
12041254
437422266
59911856
1235209
423292823
10052055
31422650
1017018
311974218
710589696
432896123
20814761
67058174
141114791
36455193
43055553
5662330
709290377
311669903
14222174
135878114
28347133
1053022
83060774
8516046
832036581
289263081
258862380
33112198
124885858
201901746
83299322
81980193
19922410
203292414
40884570
46369100
213607733
76003590
208903180
18323777
109599420
143557496
17174866
164704997
28951801
22784216
53070302
166526716
15062215
145225336
418462921
138168811
3892625
155905876
146026707
111139462
75363040
165110717
180843510
25328898
146678463
8532975
153949244
368821467
3345275
7238072
27100634
8662614
22228280
65887861
2153947
594859
154896437
277406352
23309923
161099540
509903682
6668717
575877004
248240207
4472628
66173475
84831666
72181226
13447913
1582912
945073
168918758
36369131
17337987
101387126
716112366
213592195
29055649
379466533
150261674
37146105
68537418
235313038
356078319
274866556
164318427
89021747
104050429
89823691
93772138
138895110
133829479
13104166
5056528
190014053
37124063
26590742
322178713
211097772
223937414
389694061
23187903
717523370
188173106
276928920
20803382
29901341
715769067
401444458
47233858
3425899
515988879
152351220
344734393
431965047
606596130
333247800
234632214
64359585
207319595
2253802
394402679
316548754
177937475
391754465
135973407
95103481
1230822
86125207
184486987
6239689
146743381
31721859
34916518
96299347
18916481
67286372
163151528
68447343
431005582
188616388
26258638
313665836
7839488
143816942
55180508
248866012
426569806
6080738
241469016
431870751
99950274
50119570
32589663
617931796
102194228
300982773
223156347
148893500
35228042
627600987
244524
346060717
293572282
153071101
9681983
5178486
66236944
3803935
106698565
383878670
245085243
50017334
187389687
90747482
169589574
18549937
135726065
239367321
103047321
85771708
246166321
284041958
455066853
55856122
396686653
672652
533329162
560361804
560353782
393076012
416491233
275975895
303071409
4280952
21573985
114079871
2966415
260949808
26874762
204319316
29477790
411075812
215290221
523045254
281766358
100377169
137025979
36111362
108678254
1254495
121246423
413832561
47281090
557095653
1800520
497586932
534777027
18909220
26344562
148363653
71897780
542707710
115194151
89140271
138288074
63542570
134586078
136494726
168795888
86146542
616237189
14964574
18620497
303752807
307699674
26408897
56914355
484274885
524682703
21024605
304166256
13341797
141214794
15283527
10033792
109599420
50780260
95076131
499512855
16269637
327823530
13512720
212296713
312564923
196582857
55350346
305205013
1637103
272486435
19066323
45868745
299533505
11492197
285988862
533669579
129174116
264066197
181129195
203220188
45473859
24585020
36615015
408735773
412767209
3542741
11321876
65157642
450503958
532889942
27389424
6956778
28839191
208485463
16654281
100315983
196596320
712948815
585573803
17572775
38347881
1876392
207468196
217728135
106075471
23627173
625763401
99628009
207812198
185942921
186688750
133781072
4694246
447856332
296430702
515485137
30249268
576618738
362104404
441845044
45337746
19756613
649666
1939176
1184859
40147039
24060433
178534392
30001977
77791781
5616676
201537782
65099600
177066706
63419652
394403444
188944158
122550602
162707377
216975732
68527483
7264907
118851590
11231634
459058957
88401964
220435016
162443848
251502217
132620467
9270765
352526473
577765241
12304128
25960357
328400217
330173575
34467467
27023620
35404224
50548825
94358563
103632428
234724531
138223743
133979088
200109571
26676735
46704095
34550828
91356650
1566990
216267
21330273
158453734
1998825
35060337
152238199
47471501
333440034
149567492
67564164
125795056
2189499
241554600
176590819
271005365
316362131
157852
143589383
485863479
194019711
178235413
134241235
92597562
66222634
142703151
164558250
47732459
288169968
146859122
105845277
93370711
708893761
197902899
292884985
450146202
866118657
37323109
55707358
64507208
346464113
335409629
377492867
264147646
498140899
52444707
579537178
24616154
111139462
77158875
401530575
1442570
825803
151001109
3341860
78475664
14798236
22766024
151728927
21263710
6726368
117420366
38553192
145308346
16222007
32465980
29239191
53380786
245608572
19577540
16932247
312873799
279640540
76356684
264963924
698455
414098062
488047719
45151673
244783531
342898255
380873211
22550962
26079200
9681874
147763346
83912171
218659715
37827411
133493811
65941057
410642187
21451804
338958735
77592984
56365951
68535608
15380791
177783161
10358365
8321035
103653791
92216412
481064271
5383424
460011506
168061437
33804445
30590732
99644646
4113267
57029854
140367494
220233712
187149501
6501847
1674902
2241357
411306570
48405622
111042735
221654782
113450465
55209777
134920132
54585784
29954230
145463247
322370717
1288756
167665644
152296677
284890559
211464862
29569221
8002880
118277438
15296606
108911756
153137403
70097024
353136682
163071963
191291
24342233
382197060
412254335
142206003
493154957
82396790
6717015
373221264
1474682
188073
49754762
5860474
194751283
34514743
137083145
227436449
67936146
482102625
54751570
66675137
21871583
6444290
532387899
21077784
303706922
142332537
461603152
471012559
55918034
367976985
138091422
16073457
225072128
135165853
138052258
442861990
194583854
91856424
2957171
417484981
263857787
1190336
285688807
247357187
59295139
292278262
518029629
64353147
84840867
293785781
265310380
92407266
243125168
291456538
59681593
65766684
169867967
3264256
35805425
393452286
427073588
677651678
174137445
257160609
341891588
374068655
12701950
15224890
4017490
66766139
137400972
142523360
9613752
300200783
175818630
135922597
627267305
715242033
38284018
26866766
72542168
224049978
17465450
4835657
55907987
421567838
223123172
234448233
121869057
369376475
199847540
108212949
4526165
17794812
22376761
287647054
355823040
30123049
218682369
373787834
17136810
713878234
60183193
44201385
15688549
170244031
267505070
309398999
380286679
40765274
37332285
22815043
151271875
15688549
39516125
526108153
4775273
17877430
827502510
24577931
8911249
2040422
161761112
408711869
747333786
210605479
7779897
352424561
230948961
114039760
454241
1111678379
2968729
33511319
240483854
31890705
132378989
37629254
16745143
620411888
176734705
489442423
348398485
270584935
330085717
208118803
89389257
453520615
280342632
458539160
52986957
17820828
202543401
15271471
459455742
79806938
374859077
139925896
265274632
485306343
613626232
20175030
175243228
98926719
160655191
347905167
245281717
23913443
144404536
693247085
2646135
308435787
100303670
417192
144424896
14678432
719642757
10505813
310305044
198338837
17451425
7294365
42133857
67118838
149118774
89078283
424514478
422702113
188971528
118694585
45612370
349201717
181662380
205730550
200037131
36080378
22301548
825193169
3640392
278068615
231424026
466877706
61490227
138192668
50692664
4850071
30189509
255585827
384011940
762702569
36762447
88403420
153746491
32990232
11820435
135786318
265879619
84025775
173996364
31901223
552665379
184767174
40032398
193955475
88959740
50972320
322175137
49923171
244172270
49599720
81666466
26948710
1242263
88541272
63690286
177085501
69326230
185953667
69571238
93183803
62347218
142878089
47386353
189559032
90867548
132191343
147227171
6239735
388131651
96426691
990724
291712519
223230698
28521466
49838165
534587076
49672432
90314602
430996853
6698675
98962403
409133141
406559562
486452012
21445435
136951898
489133346
116697030
10711513
29779374
176747625
67769097
174289519
159394813
147021207
146387790
130037620
19482323
21089871
273466203
480726909
6658754
136078949
170836025
235016936
259422190
136191166
433188464
301773655
143764611
65186534
232099896
8641036
216538166
375619564
64615173
301120580
136917351
44127006
177906969
552360144
392176457
36242733
7275343
59873142
127028
53281331
340725328
164906899
125187963
277019530
61291759
171763411
447919263
106866475
1594249
73828789
856469
5321914
101519117
518904128
33867173
434658907
4108366
442015767
97907726
206941014
7365497
140822583
153324455
116746322
156858475
14511041
483190259
90247592
219184930
35946007
2536715
2270163
738880365
1050508
164076428
16883730
25599274
26207830
61892581
590149943
25515041
32504783
5646142
2375920
215605429
32192100
2493568
232885546
85136170
58667132
5073302
151510469
460035
221333151
372362286
66767385
389683013
513898459
155742163
304946876
100265143
180332453
103103540
182704738
234443562
723172896
23160226
303272472
111139462
148161427
91130066
144984505
15588013
350631207
25091726
135710315
16065093
67785796
96816856
200506648
88534289
1533475
64976652
40707024
52146506
143344851
398809537
6681926
39321632
629339490
439703791
81979824
217137476
453298875
329655896
57873316
131856967
57232488
92877311
42967988
515785803
36954116
28360385
3713338
254642364
56552689
326279616
29368506
1063857147
299471723
718900637
46204455
20938896
15528207
313729100
104500065
12181573
97966237
8138976
271832445
477986847
217877726
111012828
111139462
50087723
884272688
180312221
213679791
183967104
133062629
190642233
86490390
360440
177133507
98892857
604291805
892904748
50422837
70430270
20140896
216863723
158681612
1137149
19390437
13336325
154895125
17823712
332092421
175649582
31754169
18027120
409800591
60486704
18306931
4037340
403483538
202825374
183618219
35197870
59312786
17110804
180144065
205235870
120413400
133529475
51794627
11775352
360816032
61848056
15699244
137364060
388063035
8378927
210596290
159264305
561171978
2925794
634385901
99490779
53699622
1080158
1088286088
49487496
38193963
50945787
101121016
29677338
34175918
79877452
7152306
3929285
234995308
833688015
304910080
441355627
55074223
368554353
532537931
699445844
322280765
75078902
70676683
31410261
25970803
153615198
560896429
3609682
279524522
147509763
25015427
515559006
532061180
458720680
10455360
490742733
34061499
235558247
302119426
151172286
52051046
170093286
410801941
7359005
142012304
416132748
52899529
458295571
72989282
322327994
8294902
111139462
56543019
1998885
52394503
62579426
556342
37864626
735593
64983312
12186145
179961956
335532511
14639879
279278434
288807360
8151794
3886758
5066110
94599369
55444620
35996360
1282447
152686450
17787347
158429272
123532637
9282481
180470229
136945781
544964515
54440310
1284451
156485796
24245517
218919738
209195543
360287116
26536953
132547778
314863403
194695436
4602044
29534861
404667897
46341938
19138675
575855766
379076048
1361639
453687329
195940842
450216129
85845590
223174261
20322702
1467108
33662984
194647900
14423954
362943046
236556830
58269007
425875291
17021148
102173722
63599684
107629033
81104733
186578007
531877526
177887887
41783585
14015884
31659321
146707516
27506102
112493925
60067130
477986
326716664
3573762
1045469
5502372
17637452
85609677
36579662
88266548
414326402
77620143
6292689
64470256
487299481
620320018
131827685
53918762
193885537
53367279
34251060
4040523
7509306
84024863
28098795
20142041
55409241
233874223
460353777
53554473
305712919
172950639
26773469
31746188
97265911
20881751
6862585
11818837
15363705
70373780
159421971
195380732
7665035
440157729
37615868
8136695
338123091
102584654
60804529
439390339
174630365
25817555
27820939
402839892
18492905
77326048
1118443
287516834
11845078
265524871
13879649
16585172
163907876
94115303
119693463
92773147
161550659
51086122
429182385
19500406
392500883
715389081
269735105
41448803
43496105
492899009
4092098
101183425
228917170
52379148
49721711
10448789
153869280
112190387
502886869
20430270
134698017
39218623
21937347
278875400
103801569
26620012
1318727
146484547
153294242
143669396
42109556
1352483
33406440
33699186
162516980
490407615
7290456
7826502
2396659
1974659
134506949
1231297
18237505
1053397
14747555
123461013
440304750
554907094
135526213
181975914
287812919
24962156
22708751
737942
36278119
270875452
287112986
221435701
60568343
2783756
41043413
203345510
41867889
28570488
350032222
262989763
480658080
351798079
213714509
417896963
674719
383113897
137286829
531996518
55743588
21629343
339707
888891390
168252315
72098104
748217539
35907122
152635120
17046368
29365171
259115940
151453683
88176488
6139927
20546969
205042925
24613287
417808747
553680889
81755394
181120752
319263015
86517466
21796979
181074219
136238593
190364886
100077731
48544743
83879675
33240014
263352333
102787426
319504624
227822199
1986274
6324733
3229023
72355710
58225567
320000872
482611217
36717511
328864167
262070003
20583291
293938693
90144650
347772800
315961168
221352
180487164
174336388
68702960
8549741
901216
7832321
9910286
107662650
193418256
381152833
78193071
129506262
258817254
18692316
438029184
92404319
220224574
817614088
17897946
153959200
3632059
26489594
67532516
4481420
530128770
92041006
152906449
175878929
54769770
101631344
55662642
30323611
156487942
664958
531409610
13017632
152564771
66661471
90183005
4195552
178236590
17321549
33145902
33417724
33024333
138546283
509387331
98109113
53699952
38323197
371303456
863257812
255536444
8817293
710641841
402444118
174706560
242998217
489542378
248966497
13856700
96473898
7820315
182248579
16201536
238726148
339766758
306694189
31889345
153071107
290780922
93338118
370682
108305479
44133775
321067748
405471628
39669066
548083133
98495
144862365
201819511
131603723
2719135
467343096
17635447
19657983
55829727
430950931
1284308
132016604
167784172
183258347
213151898
574916231
405700358
181175568
39714390
434123284
18459827
855302238
9391878
156797244
144793234
203623300
183501698
239870912
80528445
447051464
41683811
337334470
273524730
295404744
192880898
512354477
415587550
20434527
431132646
315300068
159643754
216082606
6219973
1182306
1549316
255384714
1392317
1872152
409145
232941174
324873555
67566771
25257825
70898477
55339496
6647705
28287292
386702630
11318524
1848195
199893715
52291523
209252164
34261567
39240831
120016994
20391726
436008283
541218638
67701558
399849628
33374404
417805669
755471917
8509770
387006823
22380291
121415125
13559680
132701302
170060582
52473434
197851070
527075563
33860498
60045940
990724
504031187
208863303
186058459
266881627
17233152
302238665
132192442
5281316
232454132
52884772
150856102
21620010
49041080
352835107
88470792
101801545
837894836
38530621
11486244
13739212
609441915
865410766
46539489
1480900
204480840
119942511
439808955
161609797
298187235
173937733
34310967
14098778
43852130
293921469
14904884
91951042
369317034
421293355
130773512
195505445
1055228
290462807
115123662
52335412
145189797
118998391
442887022
420596007
914219
4321835
101920391
498091468
242086714
744142
19244370
5695731
89391160
35901226
64552976
388430101
59157371
124532817
277339939
334585179
3498989
213642904
25803750
423476221
197005195
91199222
27357139
381868503
166805625
356289423
6148273
541259674
34528841
295882003
65078200
27152236
16021893
17065179
68138909
376586043
146101294
18905289
664068328
16626212
374390064
484753096
81780343
15688549
39516125
298076910
332463419
517774556
117203554
17240589
170001737
29537862
107738195
139305106
21859208
289783739
90545259
388628678
17292915
191319908
676709
329153652
3181966
18844697
408188334
515032461
14320710
103266848
1005591
53238352
52786215
28868348
470786888
190261375
23136090
295227462
377127503
55089447
37604974
43466851
239896458
51161963
19464352
22198779
407159455
102675692
114533923
91817641
217522842
210381813
167347868
156708123
395778221
269864521
27749182
21659870
16094626
9823139
100960518
357437314
155983067
375147710
150827639
135780744
394403257
533780435
57078846
483861301
625083396
51338267
191845801
446458496
603336681
811045707
276973416
545048319
1489601
154533099
52332236
100756883
526404628
142832973
172204886
838479496
6743530
82454488
57717934
303272472
168743698
165364585
385456905
24304708
13267826
140658791
162296208
305012999
430562759
174440954
62377112
22852373
3163409
442992717
2266797
507827
308343641
158439241
106414866
280500696
15630603
415645653
626872800
10265539
349153720
1844656
237505673
218081489
11430139
76281466
224850339
266366575
325968406
665097278
10593227
162263975
51347874
354153607
34817552
90280589
3594734
2608428
41492902
803934742
357179386
30822786
94255855
163165162
70291274
20434725
177906520
1127493
24275945
157440461
138134155
8646208
7368975
31959851
175876234
18027013
278261688
80043740
203223531
228278456
4439470
142823106
34145557
48540037
322925640
369969341
390154604
259385055
12037022
175217182
18217946
212885524
454439205
324962627
179758787
187790138
311672496
390204326
29421285
131851540
93015900
590297680
111139462
45537120
227649170
204680501
477941077
467029021
227861266
56921452
855607270
7292505
293120741
585673867
37595867
549642138
5345969
16080152
113866880
181901
140846668
2046346
49076
40777404
419690620
43003418
146572601
187852184
137787478
139875275
3461339
184145483
2439359
3158828
530994022
385444
610861791
273082741
55485300
5937253
24794786
509346897
531314168
490599891
228587461
115995393
252184327
289411018
11753637
28974570
855610156
62883698
117125279
304095965
102271088
305904986
142132937
671529
158750735
346498398
12408225
396868749
234349152
102054392
151545353
40099889
167826481
409282338
30440921
153064414
409091549
435615740
389694061
30617864
72210505
184330869
101593967
203557415
332826440
60980026
411117921
294143160
38733127
303210258
354372524
4168620
8870655
34949278
8589357
1027248705
11019896
376089888
6125803
559225120
157050655
109487939
38208181
393997851
285008414
51354681
749077555
20459569
292611715
184150172
356370337
897394773
12232110
327736912
27455224
14274163
6636366
14373845
28655517
65505063
50963098
32428395
156188435
19495356
12614967
170908811
448389577
274887340
87447988
7925257
351811061
15324612
61716414
242816371
30132545
118942424
123024743
91242012
298754112
29054809
8719179
30213464
292319744
19502109
242971476
192575939
68490719
4570657
177498789
141750095
312429570
206089796
225530438
243065421
11496088
65833428
20598640
4432006
37287859
290581944
11820478
101309881
12310754
343441475
549954087
309949616
72671
96313604
190003027
507816812
139258213
160373207
34795176
96735190
517393382
356508085
40738812
143263479
265849473
422118587
85022658
6104577
95290577
98741697
13914300
19843692
415640171
124766277
310192009
33336375
121064113
486075370
561670167
846316974
63389426
131482904
394068522
9792290
20908305
55750788
148515502
477869465
124668410
8726421
11335755
580741256
223134238
90280673
619407921
98984249
14753433
848393029
53168019
15575163
76936617
194247605
406335055
492674477
12384203
18057738
49662464
28531078
81810438
159064379
366260915
3807314
342539983
3408411
18246483
116674238
9629333
136584235
33852123
5787863
132203495
3719002
214327385
18664884
382102889
20038620
3793462
506035704
1292661
13485597
373316955
207721177
771457783
611071583
285611881
10822591
24684533
41659395
6066706
87404181
122911605
212490443
147165958
23490998
52758949
10727075
21823255
849929597
393572829
140643514
2662078
152686077
4781636
158172277
220927213
250020532
257318819
241791046
17020021
4742566
3588563
1927742
99306455
112592042
247740114
11450493
294513541
94074272
151600437
24620896
243370732
232600008
157650753
77670045
17362873
67392522
153452040
18787593
13323887
28653887
10925794
162280594
432830619
120371330
100585239
41672083
75429022
192738951
144862961
223118069
306651491
214078761
255723270
336610405
9094271
427215628
31953297
29625405
26326941
451262069
418489680
5778332
112475706
381322073
343718440
161658063
349030510
19549622
127173519
25830002
61639367
638899651
321189977
364313691
4764545
75671210
25792895
339980107
447047972
143334919
515638699
174492642
53357998
277914097
45640324
6256347
7413686
216564566
1278121
447961085
509851119
89100222
113116597
269035270
2081271
230824464
287826637
491725
301440708
517753930
153223837
64240054
218267705
474197925
542036286
349216340
231648617
78955894
59650986
26646728
721596260
17915422
152238840
268797448
167015482
85531019
1974028
61508161
59157371
388430101
4102672
142168326
314047319
444800081
22827072
153974666
338343
2223059
260861586
142482757
168100173
170597159
342879205
97248189
3589691
177630039
10430946
14816086
197377850
32214015
19654926
87798737
3416856
589120794
102422743
253308899
136585561
20398794
12764974
128566397
64651399
134319037
184410375
4273706
12469986
6424445
3595496
255196646
154514241
178759286
175413458
8473674
135819120
3135773
35229851
122161941
7946138
14161239
80633891
112845
6621537
51981093
285496065
114917407
40038452
13859664
221939738
795493332
126281800
372085
188226638
4054314
16496083
69198837
140010552
18531403
55054187
698518136
7475967
15329541
36942629
229547142
230582908
86445362
2173973
28684847
53371329
470625245
5427167
459580532
7967824
314013303
14953850
548622913
302732860
194955892
406331789
99960816
7051878
196549432
59661859
298983770
20295616
122070680
10137474
16927537
44571826
368047798
22722512
12204785
261586209
10508424
217344702
213593901
242503634
291069355
340758001
509853093
17568650
84666472
16283449
87962625
239625079
14548849
34498913
294141492
7135612
68036460
193556672
204794020
32516923
26361987
12660160
192827529
167593928
210151021
9955149
173949600
287707098
66261310
169772644
167481662
547081936
394619143
156802951
143239735
115290253
93311842
247536797
151101469
3365354
9938929
173893295
251932612
229946000
621000498
652707
6448913
97731651
96910588
81391380
131088361
13337873
2588023
391944701
612834556
140625438
16605233
1403021
377286757
386373304
13173563
313789371
343688163
5175396
211376367
33157870
167329727
399445035
4618838
94887201
223284654
574714
7071935
3589407
74558151
15270313
91025870
68908228
13218772
457160136
204807469
328429780
60886486
3015891
21389688
603957734
190199974
43205836
170495343
194465233
446824235
213336091
20379396
184783124
46556973
2745396
197785162
2911689
15573271
351100753
457484
116482579
172416997
47783236
441000591
209559925
94668993
61716354
60494700
201832763
436298722
83962
253356549
122540377
298718221
154470741
183090066
186702891
235205998
366298619
32169534
580554400
351594913
10598153
22532757
55424565
69568848
59507895
33207179
21596998
868027273
11473492
41414341
141946664
322798999
23653576
14772744
3756841
50020661
526366549
389095653
495201543
19608039
375372766
136653391
390351366
200384123
432052927
22764096
96657282
28549953
219198252
410007150
322142401
138455133
137406857
4778152
137218326
9650036
2722178
3485002
31691897
264742373
150950861
160523369
63424374
565755729
506896661
459552027
153554108
197591187
198503619
258693344
43590628
136979349
141335839
220344589
107661389
394657735
1434332
120489884
109599420
6785216
125148996
255076137
323409716
102116605
13316046
249229889
53761993
11044645
616721862
160221349
3980921
40716046
372829320
81662
11284578
2380225
182663336
188985694
196817824
17384735
101077243
283490
65125108
30685472
81087358
344261773
16344624
151280848
65591428
388403608
143306995
331060773
26523139
406730618
257257850
258619745
8137920
234731628
266782185
430623729
370728708
2797338
296168562
101189819
19157510
10173745
232757536
102296994
328728449
92554499
21097642
63880868
46473865
100542724
133674819
422711891
54668530
246045159
201382248
16798015
32524840
260817730
550340522
207204181
386730
3963416
136891346
311867347
29633573
577735499
137232562
58134943
142966590
252867688
41852467
9014818
596780991
77835372
142537374
13065773
159317004
134656077
180285913
149624747
99883670
42146530
18180867
31663181
357111032
56012817
556176126
300145736
479835277
122037257
18413307
586636528
559694806
332116572
4610659
34847927
44860587
109714838
864299671
142212608
70673382
90169835
44142582
43813090
112535432
230134787
217323
269151
41800068
172477836
18031920
69529069
96483402
336271077
143194535
33812016
1575767
108744515
92446957
14708305
58952856
83782550
408386266
5526219
234858288
95173748
302677435
46311843
45645163
431867378
139312508
152910102
321368452
82680783
62234175
32285324
414650622
372969415
143053599
250235689
185767150
31362785
185260725
57373133
13545838
500786
23539934
65537523
11685855
266947341
314466441
29148566
31127526
2584445
258054207
119446867
382576676
710247349
209263862
121007744
100578324
889121836
456283577
288106558
11761102
180656165
228004902
84937041
18639012
102674312
189514885
990724
167032922
158898361
10664293
633866
136600592
264927292
9631954
239895062
45337746
46474392
5881703
3227180
97273183
153106674
427907778
32453153
52492248
175677778
32099718
22556077
337831756
13519658
135847114
353731873
133632054
515107355
1015295
10699208
212057161
137762018
71803907
197411249
123296129
21153346
349724421
106136191
31211598
471043172
219838012
410459934
16379609
636691
1189619
5919491
176302010
268750470
48459134
230978813
40952903
16873118
9392333
4914932
8381157
510495357
137966261
82239330
22227581
5008606
73351220
634766621
199329389
276504096
195886534
425292632
95584776
207208298
394208174
103160073
398040994
352876006
328221723
57066105
309065485
49791091
20456199
78174581
44604481
308624952
246748053
154028383
5612694
86648193
156379298
112599625
40064298
322816660
59354929
34256112
76724167
22490356
445040275
178609494
114179894
4355515
1845305
3441665
98469797
623867824
209852979
2336695
513287
326509517
1204090
1222662
217845860
411704037
123300981
170648106
21282495
199141019
143345075
179441248
51394939
110122698
182507534
34816030
11638674
22731353
491580644
68586193
3191605
234844683
182981766
517743288
61183103
851946853
111626998
309956407
58893746
42262884
29392761
527300672
40925610
143975881
586747936
315701689
392429192
300672219
344113961
144025713
206253445
393184347
210247157
336705190
352957044
70231792
39148027
65391125
456018248
144934222
283803
137010104
88944447
321332080
10411946
140134103
239248761
343477279
6428006
108747608
28105181
15898461
477929697
11318285
102387644
71963985
44744837
122247134
170311570
23167265
24899444
539710916
361853265
264478935
21591254
16500234
254265139
11892106
178483585
123974824
120448691
471469209
11664410
277292627
124096656
24870573
275785666
384624602
23340968
7810529
248319685
1942467
271038393
22773506
612997827
8100188
143006875
218311283
15578947
81894221
90759017
59739167
255997134
18102402
63413468
424944709
1387232
42808744
87490052
355170277
573950522
419977909
10643341
98234766
30739534
132341570
71318795
99515817
31181656
34301419
64344929
21251858
79028998
209175904
140046094
15449156
32609261
164296040
193347194
25377423
44284286
21689896
4907176
3154674
407620046
397708174
24205057
219935215
391054733
80410374
171658973
155511386
106592908
305524681
148727307
236899463
655330271
11895132
425712791
54983225
304993366
1967175
44572230
249573243
440958374
297762904
62710209
8980884
24840294
560504850
348309257
26163175
1037291
1108856375
712081014
21480272
79203420
325113648
202555099
343855656
30887284
18676580
212130548
40419602
191969335
7832828
1111555183
79281085
153044499
167944061
265349574
316980152
21689896
44284286
18405565
293246414
1055625861
439875679
245412284
78971331
328161873
181361855
21460025
305897260
204906098
11246542
107657241
285526180
144091482
275387642
279569823
96515466
79988733
104490091
100330060
8726969
66702393
6682702
423222067
130034568
305644478
320651146
167691713
61821373
51101438
223785688
470593520
306925690
25574907
141909821
13675337
162251930
83877138
444562218
22076195
31033348
265622550
16572025
49134983
45142
51877105
14629515
361075394
50790311
59814638
100764197
318055470
1154066
44906087
1241951
18623612
874973631
177791855
200632409
2168766
53682863
16230032
236758781
193697651
34364020
9479077
144327779
112483587
28513806
242878361
5199258
14177995
169674335
99673194
49474066
27322914
18723339
213298399
253013674
363590088
61413442
454975266
88063182
50177633
274942990
12925563
146804575
110118264
26300619
101698049
237368883
601923991
452665946
80254979
24885728
634887066
75835287
282524505
155737273
284283140
323643631
600003676
161196281
68205323
147892824
52108102
5119032
4530874
104837034
475204
90379003
406016697
176949654
450296790
445773403
75473334
364901957
8682015
486648012
75359929
138779377
72485483
237545447
156158768
199940353
26340088
165126094
331806298
82810258
226620647
310232370
23546039
441695228
45801288
41032845
70591724
143519592
831407272
6087336
147682825
19747445
9897353
32846247
84025233
50267745
20735299
256472230
21584923
354710
331687811
90819912
189330430
61622888
430519104
151104794
162979061
179131265
197988798
428702747
134685567
26290142
141223656
3326239
620468142
10968897
170179661
20865152
145254168
57223018
39869392
240267183
189118585
170191144
13863800
325865828
248121698
183150322
1947531
215514929
216709960
309257650
820194846
150517269
284149360
415828769
8776127
65268095
1883745
767314561
41679774
305451686
63437528
153970449
172196112
315171666
159488480
374404764
198374088
296406668
301046701
452655608
317032160
516231098
14942852
160758947
642613718
299109881
136708842
168822044
154652874
9271105
7250104
198365258
413823823
368396448
334890889
181071710
159243828
347629309
19735012
113021452
74462214
101568508
108341536
159212811
334271367
425199088
2873521
562771174
257574680
388460128
71103635
188717681
152214329
151840500
252541692
245271517
25542376
76879919
145064067
1734031
714405511
995805
183605885
534579894
127783408
159639420
276704187
2817642
4515958
16459216
191757214
204359364
763842
299226872
198733908
199550921
240272810
197426574
201426120
69852934
55120572
2296950
33427260
76297518
837579
10654211
16634159
407313517
14368773
273054587
16492761
27053732
371332892
551792072
61706928
228019388
579382177
12365501
185628145
313289645
14465435
136755446
424364149
278115441
137540128
322503435
7663386
858848975
216879450
431526901
356015305
277385077
619526488
60560713
70625158
7861866
445981
16595335
94102751
54668553
85888963
307662067
597134038
7933600
11809454
409629558
23261709
107588906
68354614
12863623
821679292
168771149
53922350
155023386
171325615
7495998
46837293
198392813
24202578
527923452
35281884
882392766
7098856
72663000
361836243
435638
295408119
221014634
26377182
324318606
582600815
678788
399627045
136773593
246870007
140676458
262131843
336265761
226028899
117698009
20958215
874056903
239171738
38313452
150717776
711850944
98325723
281377587
13749578
69266229
152655591
5965476
45196852
178892406
102408377
13486200
153298284
7207319
608981672
444673327
13574441
90981355
76551749
150690964
20564767
17790740
125154596
187338105
345338683
11293963
218163753
186105580
302199
471349720
3456820
17674138
1019050241
306865963
123461701
656612838
144099754
6510179
5489459
9622028
65489143
43313758
150883919
63639650
7419372
45829009
27103063
2579137
13798236
32748345
256110619
456665676
233450794
208960157
2763021
58276212
243718567
6848800
150512616
2855655
2487401
190127064
10265539
91892984
323524868
514758
218549598
27363880
133380744
160190194
1093882051
2061410
1388401
8897015
241897566
714094
177500080
329270365
293981761
203015056
203355830
46615434
12801443
72233210
141445187
305522134
44053436
7490998
116285843
2723922
191269648
23576348
91310059
270298157
23457746
298549745
81257178
714428609
1110633174
265519078
143318636
122863229
9759657
707563611
110306034
142710321
6547515
3231086
3238923
412522943
43347090
211939943
350747596
151730581
340025587
147568315
189897899
4265490
432810349
3613623
482915857
41657513
29916136
256700632
252844452
320079908
19858803
269462505
6785991
521791793
131252773
28961177
30059022
153708352
185319651
118662082
74291483
97983865
300341908
165470471
315686404
5669567
53379411
190645317
49729722
65795862
456817674
6887107
42911
160232328
389794614
137572813
142985966
41802698
346519908
1566635
43340848
29574878
206180860
26536165
90627828
443892597
430317332
553144612
165814329
43647983
145070985
7147241
5748861
2205833
919707
48398737
61742924
5359161
25590286
56868070
3100916
132191165
792234192
178854617
59130134
275392852
45425230
34055935
436991486
80775800
168846295
133981770
153698548
97348930
60629185
29372683
17465491
55189943
255148556
108854222
213190997
38320684
552023864
439996878
361336878
66126400
21490678
847425831
7899412
3220816
415436234
66342670
101658967
180205833
335366867
253566201
861378188
297065839
29751493
150424082
386502355
275566905
35764617
44616228
474509272
55284340
327353934
16371886
60397140
69266229
11469162
88632616
220810337
18828664
78530645
40434759
79495440
21185546
20104060
272405541
901878617
193633768
45991186
138058521
277923011
475282
100744481
7285183
8640563
91388849
152693136
37515342
51734638
181640966
21438574
337139693
30587949
10731128
23497148
146168574
8463162
410278445
154187362
336539178
5865523
181889685
333077817
121200392
31950461
49717999
107773466
50582005
21636218
12260526
65538887
15062353
44307490
472321305
143082846
142851062
110281801
134128091
716105834
485900454
135089433
15749314
38217992
7477755
247095767
281978229
241157956
9341169
179523568
335326998
22498823
113500403
312401344
134726747
822924638
490810989
30524792
24704951
743899448
5605270
282279752
25278137
148629265
250938432
358960979
209431528
131573643
145566481
380821011
46878835
46031177
388997646
384131171
111139462
161888595
30778004
7219270
74169639
442982400
22855461
17721043
38874859
45983866
289530154
92420397
402216865
14271814
15850743
171819171
18438732
144635924
276661700
7235953
282572596
70149339
13373055
303525571
13482870
193243803
38545278
132975176
97148250
73550169
21814213
73092899
137420183
20816169
134261764
443936122
207038512
28063028
3996333
167379676
401269346
253205733
391997693
98886460
81841163
65090793
774637231
15656344
175176374
45202402
53858193
47387585
347657497
337687612
7387478
138502746
458602330
143614922
1982227
20279894
156074962
14065721
347146853
9653235
867006946
32503801
166726629
181270863
824604244
504413470
137863790
3385327
23961440
151713039
2648009
71266750
87504050
6289379
46095821
2377460
59824164
133889164
32443099
9284328
497736
143896024
503985
142632375
100787811
2052340
27376120
60631325
135818189
38230672
29255416
26068690
155508182
146078052
267921878
436085549
48740686
93087395
67457774
136151386
742685170
19778131
347920929
533030525
254786052
56799937
357183429
1092416669
3778391
323277737
623332897
577670617
305870658
50168745
145113202
177318819
436919328
16061583
415627113
299470366
5451438
291447658
19811162
36727029
1315211
63693939
95059259
95786879
95929470
485723299
278214654
276980306
169422977
4551629
134796700
9625118
181198127
443747549
68975898
54371692
1468654
6516933
37738596
314374186
472601248
95130558
119626698
32985771
94207003
12644657
70232
150091667
196392954
321958960
323201069
90661347
34398823
152706577
138055680
210865158
76638824
34756244
608585959
60930673
932773
329248948
51254682
293661484
148656814
260903392
2146545
11756194
372343688
31194369
2124566
52573145
305177013
295649930
209682289
156042438
324624289
794710328
271780417
406470082
67258913
24665827
335388971
282936191
338736965
90250222
28671891
345851478
139041873
20545284
135962044
712087585
82335190
62825004
19061777
193679428
46125072
457558929
380410308
5560226
277048064
50018361
3787739
412107077
446067316
95492617
228329132
79793273
237630834
660855261
87433589
23470446
169772848
119179895
41077181
26617545
127553520
122007770
405397155
72492428
83033477
330248934
384444455
64168245
54410211
359091376
63447753
2077361
163051488
94913456
57108905
29467313
322656045
7933064
174347720
257367402
11481871
792009852
118219054
1566998
110547407
838523250
222100038
165094351
161592042
17346768
721831
144142591
13774970
472748254
350448399
185839984
147599513
132660323
51422666
426536736
29788208
710062481
121545319
37015193
163997031
518712526
243529367
293621424
152151925
167859943
174090125
80456080
638709338
389411622
21586422
333061266
383411016
160381554
187827345
1096673741
160917549
14681167
185554178
122716447
334268076
289934344
1189290
19549111
27011548
423022374
828436501
54276118
999642
16516034
312527739
36224084
88471948
493192926
1034035217
163968692
364548553
13145795
394064159
225467140
141330201
5826434
153720933
583827526
3051457
156312193
273818023
3036156
360386690
370074191
472083389
20312839
353562
139393040
756791069
140451366
169179968
200209262
5216031
314665848
162463439
187456740
150513241
356413541
106644516
5588371
64502397
196666932
79659060
64381959
61313182
20697386
476140892
368681725
33666010
57647300
105862864
451107278
134263668
100370817
515138695
201574466
12668344
432953708
359239688
15528435
452471233
41872317
936632
746938861
246548785
172123535
417635534
26196920
513118950
2011590
279705458
757367
240101847
581825570
28026730
271284004
44054833
6756851
301047098
90345396
431264153
310345706
45337746
89961797
194558761
224209608
45803953
8984348
83275020
47483605
94120618
35734324
37017653
348984159
122141158
165496339
366424253
229087364
17339691
20800229
34573841
231608950
41874382
59176208
483776977
30529228
202835361
139309833
660394533
213394120
32038252
504132104
355038137
47770236
9919266
26854688
711449394
392233160
254076133
35214811
18329102
5177381
193552774
506035704
283417289
4436331
30333119
177984221
68667013
349365205
211230443
52055785
151515501
21542050
297411791
133044461
226302780
310454112
400426395
347739823
10715963
13817801
132537427
447641622
432363487
367163169
485784312
587440800
618196147
416481366
43454230
124772208
298913783
391922838
36882830
180021419
513553255
142134049
236912580
214917575
6795444
136626283
35290826
66385800
22546802
8833452
10238458
85507162
159012947
136083152
393226421
2321219
85179115
728210842
61228094
357452102
515354398
15086029
39074973
24660798
283869255
148180887
71052032
4226912
360203910
296740244
305288923
420545678
2571046
287557940
584677576
9855447
67229615
1094974382
93282841
238840570
90232282
142980496
231803427
11911731
802616527
28920042
33506742
143744125
79279830
30287146
26970877
321280646
100474368
56742823
172800181
215007753
109409594
443747549
68975898
21355827
316076
274192278
54351104
226002409
22127536
1235179
608146529
108787073
263766915
6822081
82203741
9501001
389050912
81528474
233259925
19261862
87600496
27821289
15746440
26089252
223399923
252263388
338489539
604929695
33241634
563306566
327371811
3101215
295205928
206950000
143821730
45834215
332068661
452659511
44651
8053399
38473860
179858466
111148062
4369685
359775878
381186179
11934852
58161124
150585525
322909074
11443403
90517859
14401373
66342097
493182743
3712185
322910819
43500807
41619895
43553697
151227808
102017432
918592
246095743
259387276
33905524
406678764
8499742
50044060
31089356
89747359
292132
136737317
131724036
349156722
155912636
1275660
12817559
60515353
5605497
373950669
172789128
53649169
618747887
397180036
448015829
8678852
514880318
22632665
186245682
301414573
316935312
328999070
19372139
52867397
12333181
39478212
2387343
144585958
157818831
184847263
116104706
20953000
529536882
145081943
105862864
451107278
93069633
66292478
257786667
217049284
2886527
4650107
43688854
29335380
65896678
146855069
307546243
556678867
68665896
376555631
235644547
400437594
231962557
180678371
108116815
40412256
10733528
98914885
1298935
7946042
503321922
408436718
21274802
6195805
13030569
22110700
675151194
172854007
227612366
146936147
579305182
11389848
70597578
151336559
194677406
11034906
156027
464730592
10181835
464730592
55840463
29505038
413025242
28508314
503207719
9435862
2549116
171274348
421210771
121464654
195230995
143311354
97186256
161898474
34144811
8970155
80857082
234647840
23411251
463604194
36644493
426686378
94816624
20508382
396427160
9728862
133435531
263352333
102787426
149221982
94113221
5053203
2617961
209668596
23425243
508227
204555045
18685103
58504433
67507384
26389364
41046294
299830542
83858394
63524212
71227129
12986818
34285762
280783
26320828
442840612
483709799
50339730
213440482
137422402
121688190
6386932
8342523
309507098
1074853
52671654
265902359
491370355
221880838
266298386
368839181
140345022
138575700
2347415
228891764
184769293
19089480
176737837
335919789
1143313
120837853
225130241
135450120
450349572
178105056
10309828
228780878
36645066
45337746
94277083
458455028
7027317
17361085
92189952
1010001
730597572
210804636
200520307
18831515
234393950
183740088
163440218
427563505
483217628
7082023
406742439
591081659
165435506
218320713
162943129
1726889
700432535
50308367
34923658
13169910
114456697
11923632
10857477
1100362
135405565
464464157
153792
895239
194512776
40831188
221536555
276629163
30015582
188002078
377043404
161538421
526050894
230956363
799435407
11500393
101903706
16673660
21684896
307380667
51213045
34378278
204639053
22301548
283592867
253300616
167098599
8294951
124212889
137207362
143980499
32704416
336352583
51144220
9457364
495130034
6647341
173135974
18209868
211409778
376286948
198372110
14324976
562664893
235283987
394390316
205289081
281242989
66006690
564151
21790638
8029055
93021660
579635114
523520841
35946401
356985902
234432564
8728279
188942881
208681500
79009616
20468435
245438670
327026892
17044396
94280621
24931545
88097971
359882849
171043766
53741223
59520430
125038866
158925995
41697994
13626520
140840730
216997213
66707769
470941366
100165750
4137072
165107245
352682644
19013264
110943266
32958392
317034570
43444549
159262918
63945632
16180989
201124064
25976984
19316885
103071375
17172957
440136039
51120926
69564656
37655916
12590330
253201953
233680436
364752663
139005309
414431213
102589115
152338466
371595578
166899532
550390094
820124966
251179042
111599964
77843818
452959731
5015910
197228788
152130747
36018005
126101790
136834529
258132672
864562837
147697089
14437559
413847478
135473248
12721864
70257559
14512773
1035935
574931
27607611
58743911
107247719
38503090
89941773
7050577
142170669
125428812
148273650
6644668
61230268
113251501
60855503
195955
3826794
8729288
30921848
8781671
78206577
399011969
167116453
15446937
31676916
123303318
22360280
131778015
190525517
88844589
8360647
28364752
1688979
56260711
118936325
267522124
76678538
238570225
317476529
793180148
267902358
234330128
210019150
227848281
248663205
1083025738
564992164
136282525
469686094
135169092
364563940
100397125
51034705
2146611
20519317
57679
40448773
36346880
5145391
36391716
324364753
38052801
3553186
200748227
16894485
179747734
42924072
849190
99919
92251423
34727231
234463700
68350995
72713380
46567879
336535374
750563172
11882686
481878961
108235188
30719968
3907968
503586
4380607
748614430
214007603
3416325
247669704
3348540
64791497
257237090
69475953
51540126
57026061
9036114
60984489
115227598
59044424
87607085
52210575
202970446
41520779
383711476
348318181
398868349
3551675
7058335
17489942
35033163
860240317
145901417
231706805
143816942
68707024
223099766
100702953
418599964
782646599
1763260
53436025
514006816
3860918
13622156
553848912
5470058
419332895
527764434
34848765
16212514
9291901
370943833
323914447
17421438
228647969
30206696
271574406
27803451
152318963
132323356
87050720
33088184
512408825
140854639
276702205
69360439
37274770
159442707
1123257
13352819
21757229
58981101
137466025
155723438
338793089
132827394
9128217
150745894
781030824
32802106
236403136
11845511
907724
133298111
100169383
519884
36160651
446689484
68982258
10517965
489827497
4713337
275688002
170852731
176268829
207125629
306943273
6160551
28670556
87465949
3793903
40002269
109366556
717946033
85348889
8127065
145609816
564641673
511614876
530119834
8473449
208776688
241888989
57611241
224555633
98972996
311569
30414531
189926202
16140533
16140801
35594748
112472713
147267008
318040841
84556961
87306466
169588027
176840038
824879817
388538064
291006275
13955546
201124597
31337228
31551288
144353791
8456138
344189808
60887056
865478489
475031309
808743460
142380652
25852895
58348954
78967133
4167749
209288
13158156
15022042
199968759
675258458
522767
485265468
13111182
325510896
574306
105095300
68711639
49806463
193355373
225978721
173403839
21649626
113370685
139280510
441289589
208476227
287132333
64777393
50193107
276777171
354239109
41904025
36309393
18191162
1311220
54297843
33417724
197776909
1492175
342938304
348629938
154917339
304855631
278841
18338552
19049545
255623343
68480957
57573748
154295807
137185649
70679897
22893413
53317101
232628551
111675830
124989115
25721522
35078419
152894172
35437944
563133603
350096548
133178366
67617516
167222248
309245631
579549
245490924
290422875
150966191
39819053
258245140
77516573
156164028
114622674
78786037
255771380
537985502
154135482
472718539
524193289
53051774
541274237
155846325
61568382
251933942
514431534
44559649
521371
530029528
9759749
21320562
70882701
6418548
170521318
68348833
428353033
429876379
12486991
2427066
67144969
172193943
45113425
860938262
107847722
19591426
26220023
59664445
207764611
418028024
46421671
362772905
435935798
104656629
604998892
7782073
438036936
8556604
215156583
60821578
145076263
53150501
355146254
53189226
391628864
395396305
47149150
18716914
209496599
305874479
63032241
65345781
124913604
48335650
63817718
31365880
90840029
461568058
293330300
330218046
299935188
136886531
53909699
118985887
49679509
893781881
69381746
32023507
4563510
370098470
312049701
397002052
5569896
16648686
5709840
227072833
140587108
4174663
133116270
107538222
74807814
12399742
58601105
304320451
336346933
55004347
136954334
508151354
25641533
551405474
397763303
150832466
8342859
35709002
134119331
132227563
166454962
24807067
222443854
6485334
455664453
247098057
1763260
83946549
4618985
386942728
62046416
69510799
255222713
58988428
47931862
582375203
96371797
83412855
24033726
363648997
139283529
7512696
201574091
25535516
277020099
77753601
514107547
18663734
337027944
27152236
271439770
209156293
132420915
354120388
26781083
1214478
178895477
89405505
2381721
302881442
337150059
333686697
449572864
71000636
346894403
57280820
543266038
734153074
54365260
542968114
13989083
6282248
57739193
49610960
187207811
18477744
53086677
74044385
359038942
134925293
134329304
62147155
4856139
19947960
418711
28817836
7638939
303985736
720483750
55437430
134552214
45301067
56457747
587579125
473326716
26068690
2271789
454290855
8781072
842748
61705841
253636240
139328653
111139462
487605315
11698818
353290653
31771140
150864238
166805650
262208861
41138674
674969
35503572
27063791
39028574
384243779
563811032
191060525
252234173
273067047
189087
16684235
329222101
87293249
621357
79245672
206089549
278005108
72277541
200809419
10133150
135174049
7913577
442015767
97907726
165183004
473191377
64794930
287339185
14372779
99840458
69006913
221156991
61951609
276507599
54543961
321734579
109703832
524901339
263055879
56416152
828481692
204361235
285268671
203353794
68030444
108558840
215686706
189344281
71630916
24264264
1738412
154261650
552895800
28151102
88528384
12762642
91691581
1092221868
140404008
396958377
139282148
152952981
597609376
58314081
4307214
17807836
11562698
59695209
286528940
405727041
76794190
141248241
88710647
174395209
16081443
48569073
15452522
164652512
37828673
563513516
136807454
8153074
18591284
165090863
325315984
18722017
121352135
153060493
7421010
231594508
29744790
5223026
11454672
100932871
220187528
295051689
460657963
11661582
271924767
21378912
723572105
47132269
343501186
49910728
365816100
120727311
200126461
33337489
95471430
330234864
70527601
85380105
605798821
515206061
527081039
6783442
143924976
322925640
54449757
2247801
2291087
83682691
69964581
202777023
163173731
45092899
36380854
8576646
162134319
395196173
395192029
190915925
22639211
633605
535750110
1026394271
1285008
102207428
25923649
390830761
646785598
5407389
408898225
265601997
461427681
144462375
103355564
221109690
134202757
82723817
33089728
29269075
438145172
473413236
1450989
11695147
141970413
44122367
73844118
135018617
499335245
17880483
711181710
50265098
14078632
579245626
102828265
24425999
20043613
243039912
252964492
140278407
155562538
2048826
4729702
409416532
160099892
29320424
75167133
754035
1027852
7264510
295536226
18563075
7037344
4781248
1445677
484403351
42761420
109280126
73208841
264716918
127471327
137065616
80487396
37589200
153544662
22678086
243429021
367571605
81924430
416758843
373409193
85199089
325271446
47889591
23124872
326428158
573476904
132600207
306688253
3921383
138759968
62440848
10912480
68498113
90150382
